
$orca_hessian_file

$act_atom
  0

$act_coord
  0

$act_energy
        0.000000

$multiplicity
  1

$hessian
9
                    0                  1                  2                  3                  4        
    0      1.9169904927E+00   1.4328130400E-07   2.3989039176E-07  -9.5849678873E-01   2.0076669352E-07
    1      1.4328130400E-07   1.5111835221E-01  -1.5136559431E-08   5.1877656980E-08  -7.5558410185E-02
    2      2.3989039176E-07  -1.5136559431E-08   1.5111837646E-01  -5.3310663171E-07  -3.0985803364E-08
    3     -9.5849678873E-01   5.1877656980E-08  -5.3310663171E-07   1.0483885031E+00  -1.8287052132E-07
    4      2.0076669352E-07  -7.5558410185E-02  -3.0985803364E-08  -1.8287052132E-07   3.7773009149E-02
    5     -1.7855064698E-07  -3.1181098903E-08  -7.5558358648E-02   3.5000933701E-07   5.9756880302E-08
    6     -9.5849370393E-01  -2.8812199000E-07   7.1200968112E-08  -8.9891714367E-02   8.5053193049E-08
    7     -2.5108496850E-07  -7.5559942020E-02   4.6126169918E-08   2.8043499095E-08   3.7785401036E-02
    8      1.6067552705E-07   4.6313851210E-08  -7.5560017808E-02  -2.8054407522E-08  -2.8767286413E-08
                    5                  6                  7                  8        
     0     -1.7855064698E-07  -9.5849370393E-01  -2.5108496850E-07   1.6067552705E-07
     1     -3.1181098903E-08  -2.8812199000E-07  -7.5559942020E-02   4.6313851210E-08
     2     -7.5558358648E-02   7.1200968112E-08   4.6126169918E-08  -7.5560017808E-02
     3      3.5000933701E-07  -8.9891714367E-02   2.8043499095E-08  -2.8054407522E-08
     4      5.9756880302E-08   8.5053193049E-08   3.7785401036E-02  -2.8767286413E-08
     5      3.7772977736E-02   3.9693012184E-08  -2.8579571924E-08   3.7785380912E-02
     6      3.9693012184E-08   1.0483854183E+00   2.1305513318E-07  -1.2175754991E-07
     7     -2.8579571924E-08   2.1305513318E-07   3.7774540983E-02  -1.7546581395E-08
     8      3.7785380912E-02  -1.2175754991E-07  -1.7546581395E-08   3.7774636895E-02

$vibrational_frequencies
9
    0        0.0000000000000000
    1        0.0000000000000000
    2        0.0000000000000000
    3        0.0000000000000000
    4        0.0000000000000000
    5      676.1993094135378897
    6      676.1993961952584868
    7     1371.1161920526838003
    8     2408.3860785377128195

$normal_modes
9 9
                    0                  1                  2                  3                  4        
    0      0.0000000000E+00   0.0000000000E+00   0.0000000000E+00   0.0000000000E+00   0.0000000000E+00
    1      0.0000000000E+00   0.0000000000E+00   0.0000000000E+00   0.0000000000E+00   0.0000000000E+00
    2      0.0000000000E+00   0.0000000000E+00   0.0000000000E+00   0.0000000000E+00   0.0000000000E+00
    3      0.0000000000E+00   0.0000000000E+00   0.0000000000E+00   0.0000000000E+00   0.0000000000E+00
    4      0.0000000000E+00   0.0000000000E+00   0.0000000000E+00   0.0000000000E+00   0.0000000000E+00
    5      0.0000000000E+00   0.0000000000E+00   0.0000000000E+00   0.0000000000E+00   0.0000000000E+00
    6      0.0000000000E+00   0.0000000000E+00   0.0000000000E+00   0.0000000000E+00   0.0000000000E+00
    7      0.0000000000E+00   0.0000000000E+00   0.0000000000E+00   0.0000000000E+00   0.0000000000E+00
    8      0.0000000000E+00   0.0000000000E+00   0.0000000000E+00   0.0000000000E+00   0.0000000000E+00
                    5                  6                  7                  8        
     0      1.1654708890E-07   7.7138604957E-08   1.2240475597E-06   8.8326227666E-01
     1     -7.9621084339E-01   3.8236179497E-01   4.0545918522E-07   7.1667071853E-08
     2     -3.8236179497E-01  -7.9621084339E-01  -6.0098354451E-07   1.1998964601E-07
     3      2.4180073009E-08  -4.9151232559E-07   7.0710632172E-01  -3.3154848625E-01
     4      2.9887153657E-01  -1.4352612519E-01  -1.5219597386E-07   7.4880992174E-08
     5      1.4352612519E-01   2.9887153657E-01   2.2558950418E-07  -1.0713744208E-07
     6     -1.1167598426E-07   4.3360171959E-07  -7.0710724065E-01  -3.3154690752E-01
     7      2.9887134985E-01  -1.4352603553E-01  -1.5219619274E-07  -1.2868392986E-07
     8      1.4352603553E-01   2.9887134985E-01   2.2558952897E-07   1.7057084678E-08

#
# The atoms: label  mass x y z (in bohrs)
#
$atoms
3
 C     12.01100      0.000000497832     0.000000489265    -0.000000298499
 O     15.99900      2.191974526215    -0.000000183654     0.000000112047
 O     15.99900     -2.191974899955    -0.000000183654     0.000000112047

$actual_temperature
  0.000000

$frequency_scale_factor
  1.000000

$dipole_derivatives
9
    2.4105255095E+00    1.6524237459E-08   -3.6677054537E-08
    9.9519573387E-07    5.3664644556E-01    5.0741764965E-09
   -3.3102854134E-06    5.0733879042E-09    5.3664644272E-01
   -1.2051959852E+00   -1.3620906696E-07    1.0921267350E-07
    1.3849826166E-07   -2.6827278951E-01   -3.9558240629E-09
    4.7039346799E-07   -4.2138002045E-09   -2.6827278635E-01
   -1.2052038501E+00    1.1857553620E-07   -7.3918452912E-08
   -1.0130381756E-06   -2.6827717193E-01   -1.0534625807E-09
    2.4429445244E-06   -8.2657706755E-10   -2.6827717381E-01

#
# The IR spectrum
#  wavenumber eps Int TX TY TZ
#
$ir_spectrum
9
      0.00   0.00000000   0.00000000     0.000000     0.000000     0.000000
      0.00   0.00000000   0.00000000     0.000000     0.000000     0.000000
      0.00   0.00000000   0.00000000     0.000000     0.000000     0.000000
      0.00   0.00000000   0.00000000     0.000000     0.000000     0.000000
      0.00   0.00000000   0.00000000     0.000000     0.000000     0.000000
    676.20   0.00636099  32.14582938     0.000000    -0.048841    -0.023455
    676.20   0.00636099  32.14582826     0.000000     0.023455    -0.048841
   1371.12   0.00000000   0.00000001     0.000001     0.000000    -0.000000
   2408.39   0.12835176 648.63718360     0.128961     0.000000     0.000000

#
# The IR spectrum
#  wavenumber eps Int TX TY TZ
#
$ir_spectrum
9
      0.00   0.00000000   0.00000000     0.000000     0.000000     0.000000
      0.00   0.00000000   0.00000000     0.000000     0.000000     0.000000
      0.00   0.00000000   0.00000000     0.000000     0.000000     0.000000
      0.00   0.00000000   0.00000000     0.000000     0.000000     0.000000
      0.00   0.00000000   0.00000000     0.000000     0.000000     0.000000
    676.20   0.00636099  32.14582938     0.000000    -0.048841    -0.023455
    676.20   0.00636099  32.14582826     0.000000     0.023455    -0.048841
   1371.12   0.00000000   0.00000001     0.000001     0.000000    -0.000000
   2408.39   0.12835176 648.63718360     0.128961     0.000000     0.000000


$end

