
$orca_hessian_file

$act_atom
  0

$act_coord
  0

$act_energy
        0.000000

$multiplicity
  1

$hessian
9
                    0                  1                  2                  3                  4        
    0      1.9095531569E+00  -1.2151600809E-07  -5.9000032294E-08  -9.5481403826E-01  -1.0674581170E-06
    1     -1.2151600809E-07   1.5113674116E-01   7.6015264131E-08  -6.6338652654E-07  -7.5570656697E-02
    2     -5.9000032294E-08   7.6015264131E-08   1.5113684866E-01   1.1935937909E-07   1.3532529740E-08
    3     -9.5481403826E-01  -6.6338652654E-07   1.1935937909E-07   1.0457959803E+00   7.3588968466E-07
    4     -1.0674581170E-06  -7.5570656697E-02   1.3532529740E-08   7.3588968466E-07   3.7779888131E-02
    5      2.7829629816E-08   1.3444822258E-08  -7.5570632955E-02   1.1478423788E-07  -6.6268805164E-08
    6     -9.5473911869E-01   8.8852245487E-07  -4.2877475695E-08  -9.0981942033E-02   4.2470891495E-07
    7      1.0853542049E-06  -7.5566084465E-02  -8.9548076598E-08  -1.6564364068E-07   3.7790768565E-02
    8      1.3688531372E-08  -8.9459803661E-08  -7.5566215702E-02  -1.0336537486E-08   5.2734319070E-08
                    5                  6                  7                  8        
     0      2.7829629816E-08  -9.5473911869E-01   1.0853542049E-06   1.3688531372E-08
     1      1.3444822258E-08   8.8852245487E-07  -7.5566084465E-02  -8.9459803661E-08
     2     -7.5570632955E-02  -4.2877475695E-08  -8.9548076598E-08  -7.5566215702E-02
     3      1.1478423788E-07  -9.0981942033E-02  -1.6564364068E-07  -1.0336537486E-08
     4     -6.6268805164E-08   4.2470891495E-07   3.7790768565E-02   5.2734319070E-08
     5      3.7779707420E-02  -3.6642094719E-07   5.2825939261E-08   3.7790925535E-02
     6     -3.6642094719E-07   1.0457210607E+00  -1.1164709670E-06   2.0297321450E-07
     7      5.2825939261E-08  -1.1164709670E-06   3.7775315899E-02   3.6723810964E-08
     8      3.7790925535E-02   2.0297321450E-07   3.6723810964E-08   3.7775290166E-02

$vibrational_frequencies
9
    0        0.0000000000000000
    1        0.0000000000000000
    2        0.0000000000000000
    3        0.0000000000000000
    4        0.0000000000000000
    5      676.2403783443165821
    6      676.2407948962055571
    7     1370.1894488371081025
    8     2403.7096390842989422

$normal_modes
9 9
                    0                  1                  2                  3                  4        
    0      0.0000000000E+00   0.0000000000E+00   0.0000000000E+00   0.0000000000E+00   0.0000000000E+00
    1      0.0000000000E+00   0.0000000000E+00   0.0000000000E+00   0.0000000000E+00   0.0000000000E+00
    2      0.0000000000E+00   0.0000000000E+00   0.0000000000E+00   0.0000000000E+00   0.0000000000E+00
    3      0.0000000000E+00   0.0000000000E+00   0.0000000000E+00   0.0000000000E+00   0.0000000000E+00
    4      0.0000000000E+00   0.0000000000E+00   0.0000000000E+00   0.0000000000E+00   0.0000000000E+00
    5      0.0000000000E+00   0.0000000000E+00   0.0000000000E+00   0.0000000000E+00   0.0000000000E+00
    6      0.0000000000E+00   0.0000000000E+00   0.0000000000E+00   0.0000000000E+00   0.0000000000E+00
    7      0.0000000000E+00   0.0000000000E+00   0.0000000000E+00   0.0000000000E+00   0.0000000000E+00
    8      0.0000000000E+00   0.0000000000E+00   0.0000000000E+00   0.0000000000E+00   0.0000000000E+00
                    5                  6                  7                  8        
     0     -4.0609045446E-08   5.4391730049E-08  -2.9880278460E-05  -8.8326227634E-01
     1     -7.8439765358E-01   4.0604503497E-01   1.6133048598E-06   6.1025696756E-08
     2      4.0604503497E-01   7.8439765358E-01  -4.9117688947E-08   2.9636510816E-08
     3     -9.2325495493E-07   4.2973056267E-07  -7.0709556470E-01   3.3156696599E-01
     4      2.9443880865E-01  -1.5241684598E-01  -6.0557268865E-07   3.6505800179E-07
     5     -1.5241684599E-01  -2.9443880865E-01   1.8436651675E-08  -1.5102569693E-08
     6      9.5374156312E-07  -4.7056430664E-07   7.0711799686E-01   3.3152842754E-01
     7      2.9443550956E-01  -1.5241513820E-01  -6.0559080102E-07  -4.1087209290E-07
     8     -1.5241513820E-01  -2.9443550956E-01   1.8437688106E-08  -7.1465791099E-09

#
# The atoms: label  mass x y z (in bohrs)
#
$atoms
3
 C     12.01100      0.000008929379    -0.000001865076     0.000000019123
 O     15.99900      2.192137217466     0.000000700090    -0.000000007177
 O     15.99900     -2.192143921058     0.000000700086    -0.000000007180

$actual_temperature
  0.000000

$frequency_scale_factor
  1.000000

$dipole_derivatives
9
    2.4597523216E+00    1.0317459023E-08    1.1232102866E-07
   -3.7981553261E-06    5.1917767546E-01   -2.4491162230E-10
    4.8873299550E-06   -1.1951427846E-09    5.1917767612E-01
   -1.2298407918E+00    4.6615162876E-07   -4.6240639702E-08
    1.2426084140E-06   -2.5961109115E-01    1.5017089914E-09
   -2.1957251350E-06    1.3302392133E-09   -2.5961108092E-01
   -1.2297881502E+00   -4.7579550265E-07   -6.4013771847E-08
    1.7643140742E-06   -2.5960914357E-01   -1.4990560308E-09
   -1.6768061950E-06   -4.3410889539E-10   -2.5960915281E-01

#
# The IR spectrum
#  wavenumber eps Int TX TY TZ
#
$ir_spectrum
9
      0.00   0.00000000   0.00000000     0.000000     0.000000     0.000000
      0.00   0.00000000   0.00000000     0.000000     0.000000     0.000000
      0.00   0.00000000   0.00000000     0.000000     0.000000     0.000000
      0.00   0.00000000   0.00000000     0.000000     0.000000     0.000000
      0.00   0.00000000   0.00000000     0.000000     0.000000     0.000000
    676.24   0.00595446  30.09138585     0.000001    -0.046552     0.024098
    676.24   0.00595446  30.09138574     0.000000     0.024098     0.046552
   1370.19   0.00000000   0.00000025    -0.000003     0.000000    -0.000000
   2403.71   0.13364773 675.40085238    -0.131723     0.000000    -0.000000

#
# The IR spectrum
#  wavenumber eps Int TX TY TZ
#
$ir_spectrum
9
      0.00   0.00000000   0.00000000     0.000000     0.000000     0.000000
      0.00   0.00000000   0.00000000     0.000000     0.000000     0.000000
      0.00   0.00000000   0.00000000     0.000000     0.000000     0.000000
      0.00   0.00000000   0.00000000     0.000000     0.000000     0.000000
      0.00   0.00000000   0.00000000     0.000000     0.000000     0.000000
    676.24   0.00595446  30.09138585     0.000001    -0.046552     0.024098
    676.24   0.00595446  30.09138574     0.000000     0.024098     0.046552
   1370.19   0.00000000   0.00000025    -0.000003     0.000000    -0.000000
   2403.71   0.13364773 675.40085238    -0.131723     0.000000    -0.000000


$end

