
$orca_hessian_file

$act_atom
  0

$act_coord
  0

$act_energy
     -188.582292

$multiplicity
  1

$hessian
9
                    0                  1                  2                  3                  4        
    0      1.3901518645E+00   7.9568416146E-06   1.9560301866E-06  -6.9508420753E-01  -1.2422184942E-05
    1      7.9568416146E-06   1.9054533262E-01   6.9250865938E-06   1.5197291498E-05  -9.5106520493E-02
    2      1.9560301866E-06   6.9250865938E-06   1.9054890259E-01  -1.0158040987E-05  -4.6924776800E-06
    3     -6.9508420753E-01   1.5197291498E-05  -1.0158040987E-05   7.7370755568E-01  -7.1039519373E-06
    4     -1.2422184942E-05  -9.5106520493E-02  -4.6924776800E-06  -7.1039519373E-06   6.3717845461E-02
    5      6.5972407328E-06  -1.3124033863E-05  -9.5103466979E-02  -1.3110699254E-06   1.6233931505E-07
    6     -6.9506765695E-01  -1.7565713354E-05   4.5216917537E-06  -7.8623348151E-02   7.5010359089E-06
    7     -1.1230764312E-06  -9.5438812129E-02   9.9404516828E-07   3.9317614098E-06   3.1388675032E-02
    8     -4.8729518728E-06   2.9722931871E-06  -9.5445435612E-02   6.6364244988E-06   3.4198354579E-06
                    5                  6                  7                  8        
     0      6.5972407328E-06  -6.9506765695E-01  -1.1230764312E-06  -4.8729518728E-06
     1     -1.3124033863E-05  -1.7565713354E-05  -9.5438812129E-02   2.9722931871E-06
     2     -9.5103466979E-02   4.5216917537E-06   9.9404516828E-07  -9.5445435612E-02
     3     -1.3110699254E-06  -7.8623348151E-02   3.9317614098E-06   6.6364244988E-06
     4      1.6233931505E-07   7.5010359089E-06   3.1388675032E-02   3.4198354579E-06
     5      6.3709746976E-02  -4.5348439371E-07   1.4071997455E-05   3.1393720003E-02
     6     -4.5348439371E-07   7.7369100510E-01   3.6279962333E-06  -2.9158399930E-06
     7      1.4071997455E-05   3.6279962333E-06   6.4050137097E-02  -1.0729085634E-05
     8      3.1393720003E-02  -2.9158399930E-06  -1.0729085634E-05   6.4051715609E-02

$vibrational_frequencies
9
    0        0.0000000000000000
    1        0.0000000000000000
    2        0.0000000000000000
    3        0.0000000000000000
    4        0.0000000000000000
    5      759.2926038374741893
    6      759.3211030767306511
    7     1186.4569087341017166
    8     2050.9130660915784574

$normal_modes
9 9
                    0                  1                  2                  3                  4        
    0      0.0000000000E+00   0.0000000000E+00   0.0000000000E+00   0.0000000000E+00   0.0000000000E+00
    1      0.0000000000E+00   0.0000000000E+00   0.0000000000E+00   0.0000000000E+00   0.0000000000E+00
    2      0.0000000000E+00   0.0000000000E+00   0.0000000000E+00   0.0000000000E+00   0.0000000000E+00
    3      0.0000000000E+00   0.0000000000E+00   0.0000000000E+00   0.0000000000E+00   0.0000000000E+00
    4      0.0000000000E+00   0.0000000000E+00   0.0000000000E+00   0.0000000000E+00   0.0000000000E+00
    5      0.0000000000E+00   0.0000000000E+00   0.0000000000E+00   0.0000000000E+00   0.0000000000E+00
    6      0.0000000000E+00   0.0000000000E+00   0.0000000000E+00   0.0000000000E+00   0.0000000000E+00
    7      0.0000000000E+00   0.0000000000E+00   0.0000000000E+00   0.0000000000E+00   0.0000000000E+00
    8      0.0000000000E+00   0.0000000000E+00   0.0000000000E+00   0.0000000000E+00   0.0000000000E+00
                    5                  6                  7                  8        
     0      3.7490987448E-06   4.7270486678E-06   9.1993653622E-06   8.8326227661E-01
     1     -6.9817642836E-01  -5.4101933641E-01   5.1890068962E-05   5.8584779553E-06
     2      5.4101933626E-01  -6.9817642963E-01  -2.4417050773E-05   1.4402969789E-06
     3      3.4688385028E-05   6.2759021668E-06   7.0710332652E-01  -3.3155362956E-01
     4      2.6207253832E-01   2.0308091911E-01  -1.9477830436E-05  -2.1990805276E-06
     5     -2.0308091905E-01   2.6207253879E-01   9.1653602361E-06  -5.4064025912E-07
     6     -3.7502962503E-05  -9.8246603109E-06  -7.0711023280E-01  -3.3154176417E-01
     7      2.6207253832E-01   2.0308091911E-01  -1.9477830436E-05  -2.1990805276E-06
     8     -2.0308091905E-01   2.6207253879E-01   9.1653602362E-06  -5.4064025927E-07

#
# The atoms: label  mass x y z (in bohrs)
#
$atoms
3
 C     12.01100     -0.000000000000     0.000000000000     0.000000000000
 O     15.99900      2.267671360706     0.000000000000     0.000000000000
 O     15.99900     -2.267671360706     0.000000000000     0.000000000000

$actual_temperature
  0.000000

$frequency_scale_factor
  1.000000

$dipole_derivatives
9
    2.3366188117E+00    7.5004640052E-08    5.7194003475E-09
   -1.0646179709E-06    4.9429702613E-01   -5.5314619499E-07
   -1.4240264444E-05   -1.3137661430E-07    4.9429688043E-01
   -1.1676169513E+00   -7.4006602014E-07   -4.8975410578E-06
    8.2434160824E-06   -2.5178546970E-01    5.8939490750E-07
    8.3042358683E-06    3.8849904657E-07   -2.5178383818E-01
   -1.1676065186E+00   -1.1819224264E-07    4.8243049520E-06
   -1.9276005368E-05   -2.4740705232E-01   -3.7743265210E-07
    5.8568356556E-06    1.9169473117E-06   -2.4740433540E-01

#
# The IR spectrum
#  wavenumber eps Int TX TY TZ
#
$ir_spectrum
9
      0.00   0.00000000   0.00000000     0.000000     0.000000     0.000000
      0.00   0.00000000   0.00000000     0.000000     0.000000     0.000000
      0.00   0.00000000   0.00000000     0.000000     0.000000     0.000000
      0.00   0.00000000   0.00000000     0.000000     0.000000     0.000000
      0.00   0.00000000   0.00000000     0.000000     0.000000     0.000000
    759.29   0.00542640  27.42278230    -0.000000    -0.037329     0.028926
    759.32   0.00542636  27.42261981     0.000002    -0.028926    -0.037328
   1186.46   0.00000000   0.00000014     0.000001     0.000002    -0.000001
   2050.91   0.12056601 609.29119428     0.135444     0.000000     0.000000

#
# The IR spectrum
#  wavenumber eps Int TX TY TZ
#
$ir_spectrum
9
      0.00   0.00000000   0.00000000     0.000000     0.000000     0.000000
      0.00   0.00000000   0.00000000     0.000000     0.000000     0.000000
      0.00   0.00000000   0.00000000     0.000000     0.000000     0.000000
      0.00   0.00000000   0.00000000     0.000000     0.000000     0.000000
      0.00   0.00000000   0.00000000     0.000000     0.000000     0.000000
    759.29   0.00542640  27.42278230    -0.000000    -0.037329     0.028926
    759.32   0.00542636  27.42261981     0.000002    -0.028926    -0.037328
   1186.46   0.00000000   0.00000014     0.000001     0.000002    -0.000001
   2050.91   0.12056601 609.29119428     0.135444     0.000000     0.000000

$polarizability_derivatives
9
   -1.9252833638E-05   -1.1978476877E-06    5.2390403127E-06    1.6314793028E-04    3.4976104920E-04    4.6907297807E-08
   -1.9560168596E-05   -1.2746652622E-05   -1.6627616617E-06   -2.9892367634E-03   -3.1466314032E-05    5.1166625765E-06
    8.1387245388E-06    1.6166342931E-06    1.9538317453E-05    1.6694135875E-05   -3.0362490697E-03    1.4445512846E-06
    1.2230879533E+01    3.3949247101E+00    3.3949278875E+00   -5.6932239445E-05    3.8658072105E-04    2.9121032152E-07
   -2.0355250285E-05    3.1871856265E-07   -8.6952098854E-07    3.1731123038E+00    7.6246755705E-05   -4.7886721334E-06
   -2.3343282862E-05   -8.9415301829E-07    6.3329430589E-08    9.0920215183E-05    3.1731112419E+00    2.1716178872E-07
   -1.2230877029E+01   -3.3949309249E+00   -3.3949367324E+00   -1.5564994464E-04   -6.7526431965E-04   -1.3219437481E-06
    4.1374169513E-05    4.3731693822E-06    1.1909310871E-06   -3.1760667008E+00   -1.5010612932E-05    3.3169625586E-06
    7.1606020668E-06    1.9735146850E-06   -1.6472512243E-06   -2.4145362648E-04   -3.1760718443E+00    8.6760431530E-07

#
# The Raman spectrum
#  wavenumber Activity Depolarization
#
$raman_spectrum
9
      0.00       0.0000       0.0000
      0.00       0.0000       0.0000
      0.00       0.0000       0.0000
      0.00       0.0000       0.0000
      0.00       0.0000       0.0000
    759.29       0.0000       0.5844
    759.32       0.0000       0.7399
   1186.46      23.0897       0.1104
   2050.91       0.0000       0.6776


$end

