
$orca_hessian_file

$act_atom
  0

$act_coord
  0

$act_energy
     -188.355294

$multiplicity
  1

$hessian
9
                    0                  1                  2                  3                  4        
    0      1.5196793069E+00  -2.3547457260E-06   3.8793881102E-06  -7.5984633291E-01  -1.9575011189E-06
    1     -2.3547457260E-06   1.7923591722E-01  -7.5896704580E-07   2.9754940099E-07  -8.9618144490E-02
    2      3.8793881102E-06  -7.5896704580E-07   1.7923425875E-01  -8.7308846065E-07   2.9914122686E-06
    3     -7.5984633291E-01   2.9754940099E-07  -8.7308846065E-07   8.2252146098E-01  -2.6680817981E-06
    4     -1.9575011189E-06  -8.9618144490E-02   2.9914122686E-06  -2.6680817981E-06   6.0214280951E-02
    5     -2.5474678158E-06   2.5969733490E-06  -8.9614754962E-02   2.5152497559E-06  -3.3192832701E-06
    6     -7.5983297394E-01   2.5348203144E-06  -3.4065124863E-06  -6.2675128068E-02   5.0408151440E-06
    7      3.8346228555E-06  -8.9617772731E-02  -1.8813741886E-06   1.9553001701E-06   2.9403863539E-02
    8     -9.3170745758E-07  -2.1890773374E-06  -8.9619503791E-02  -6.6976614688E-10   4.9593409155E-07
                    5                  6                  7                  8        
     0     -2.5474678158E-06  -7.5983297394E-01   3.8346228555E-06  -9.3170745758E-07
     1      2.5969733490E-06   2.5348203144E-06  -8.9617772731E-02  -2.1890773374E-06
     2     -8.9614754962E-02  -3.4065124863E-06  -1.8813741886E-06  -8.9619503791E-02
     3      2.5152497559E-06  -6.2675128068E-02   1.9553001701E-06  -6.6976614688E-10
     4     -3.3192832701E-06   5.0408151440E-06   2.9403863539E-02   4.9593409155E-07
     5      6.0208997878E-02  -1.6092734693E-06   5.5424683098E-07   2.9405757084E-02
     6     -1.6092734693E-06   8.2250810201E-01  -6.6827792420E-06   2.9740815897E-06
     7      5.5424683098E-07  -6.6827792420E-06   6.0213909192E-02   1.5101353017E-06
     8      2.9405757084E-02   2.9740815897E-06   1.5101353017E-06   6.0213746707E-02

$vibrational_frequencies
9
    0        0.0000000000000000
    1        0.0000000000000000
    2        0.0000000000000000
    3        0.0000000000000000
    4        0.0000000000000000
    5      736.4212016813696664
    6      736.4258203657818740
    7     1209.1166096057111190
    8     2144.3323798178207653

$normal_modes
9 9
                    0                  1                  2                  3                  4        
    0      0.0000000000E+00   0.0000000000E+00   0.0000000000E+00   0.0000000000E+00   0.0000000000E+00
    1      0.0000000000E+00   0.0000000000E+00   0.0000000000E+00   0.0000000000E+00   0.0000000000E+00
    2      0.0000000000E+00   0.0000000000E+00   0.0000000000E+00   0.0000000000E+00   0.0000000000E+00
    3      0.0000000000E+00   0.0000000000E+00   0.0000000000E+00   0.0000000000E+00   0.0000000000E+00
    4      0.0000000000E+00   0.0000000000E+00   0.0000000000E+00   0.0000000000E+00   0.0000000000E+00
    5      0.0000000000E+00   0.0000000000E+00   0.0000000000E+00   0.0000000000E+00   0.0000000000E+00
    6      0.0000000000E+00   0.0000000000E+00   0.0000000000E+00   0.0000000000E+00   0.0000000000E+00
    7      0.0000000000E+00   0.0000000000E+00   0.0000000000E+00   0.0000000000E+00   0.0000000000E+00
    8      0.0000000000E+00   0.0000000000E+00   0.0000000000E+00   0.0000000000E+00   0.0000000000E+00
                    5                  6                  7                  8        
     0      1.8207875598E-06  -2.3720884946E-06   6.6262365231E-06   8.8326227664E-01
     1     -3.1988526104E-01  -8.2330168780E-01  -3.1805878745E-06  -1.5516165655E-06
     2     -8.2330168781E-01   3.1988526102E-01   2.5850797231E-06   2.5562507081E-06
     3      1.2759305690E-07  -1.6251970928E-06   7.0710429389E-01  -3.3155197002E-01
     4      1.2007443810E-01   3.0904045791E-01   1.1938883981E-06   5.8242598190E-07
     5      3.0904045791E-01  -1.2007443809E-01  -9.7035416457E-07  -9.5953269743E-07
     6     -1.4945209512E-06   3.4060055751E-06  -7.0710926843E-01  -3.3154342374E-01
     7      1.2007443810E-01   3.0904045791E-01   1.1938883981E-06   5.8242598190E-07
     8      3.0904045791E-01  -1.2007443809E-01  -9.7035416440E-07  -9.5953269758E-07

#
# The atoms: label  mass x y z (in bohrs)
#
$atoms
3
 C     12.01100     -0.000000000000     0.000000000000     0.000000000000
 O     15.99900      2.267671360706     0.000000000000     0.000000000000
 O     15.99900     -2.267671360706     0.000000000000     0.000000000000

$actual_temperature
  0.000000

$frequency_scale_factor
  1.000000

$dipole_derivatives
9
    2.2112693069E+00   -1.1823651335E-08   -2.0707492359E-08
   -8.8238215519E-08    5.1370004875E-01    1.8402707300E-07
   -3.7024748805E-08   -6.5176133238E-07    5.1370019143E-01
   -1.1088939173E+00    4.2966157257E-09    1.0173049274E-09
    9.4739408072E-08   -2.5780892726E-01    2.5571928794E-09
    2.7774796668E-07   -1.5825848496E-07   -2.5780887612E-01
   -1.1088940061E+00   -1.1462267520E-08    6.0650478486E-08
    2.0764491823E-07   -2.5780762213E-01   -4.6147471356E-08
    1.0857506257E-08    2.3883168853E-07   -2.5780765383E-01

#
# The IR spectrum
#  wavenumber eps Int TX TY TZ
#
$ir_spectrum
9
      0.00   0.00000000   0.00000000     0.000000     0.000000     0.000000
      0.00   0.00000000   0.00000000     0.000000     0.000000     0.000000
      0.00   0.00000000   0.00000000     0.000000     0.000000     0.000000
      0.00   0.00000000   0.00000000     0.000000     0.000000     0.000000
      0.00   0.00000000   0.00000000     0.000000     0.000000     0.000000
    736.42   0.00584109  29.51847051     0.000000    -0.018018    -0.046374
    736.43   0.00584109  29.51848932    -0.000001    -0.046374     0.018018
   1209.12   0.00000000   0.00000003     0.000001    -0.000000     0.000000
   2144.33   0.10818637 546.72955592     0.125476    -0.000000     0.000000

#
# The IR spectrum
#  wavenumber eps Int TX TY TZ
#
$ir_spectrum
9
      0.00   0.00000000   0.00000000     0.000000     0.000000     0.000000
      0.00   0.00000000   0.00000000     0.000000     0.000000     0.000000
      0.00   0.00000000   0.00000000     0.000000     0.000000     0.000000
      0.00   0.00000000   0.00000000     0.000000     0.000000     0.000000
      0.00   0.00000000   0.00000000     0.000000     0.000000     0.000000
    736.42   0.00584109  29.51847051     0.000000    -0.018018    -0.046374
    736.43   0.00584109  29.51848932    -0.000001    -0.046374     0.018018
   1209.12   0.00000000   0.00000003     0.000001    -0.000000     0.000000
   2144.33   0.10818637 546.72955592     0.125476    -0.000000     0.000000


$end

