
$orca_hessian_file

$act_atom
  0

$act_coord
  0

$act_energy
        0.000000

$multiplicity
  1

$hessian
9
                    0                  1                  2                  3                  4        
    0      1.3959424938E+00  -2.0616539300E-07   2.2630499089E-08  -6.9797127188E-01   3.9843122489E-08
    1     -2.0616539300E-07   1.9181731639E-01  -2.8540421680E-09   6.4445958998E-08  -9.5908626698E-02
    2      2.2630499089E-08  -2.8540421680E-09   1.9181733977E-01   6.1242129963E-08   2.5976964125E-09
    3     -6.9797127188E-01   6.4445958998E-08   6.1242129963E-08   7.7575708044E-01  -5.8850784534E-08
    4      3.9843122489E-08  -9.5908626698E-02   2.5976964125E-09  -5.8850784534E-08   6.4468731062E-02
    5      3.8703029712E-08   2.8669405855E-09  -9.5908519425E-02  -1.0475920139E-07  -3.1345266533E-08
    6     -6.9797122191E-01   3.8561728769E-07  -1.5166352993E-07  -7.7785808558E-02  -1.0090004479E-07
    7     -7.7575583190E-08  -9.5908689690E-02   2.5411345784E-10   1.1431253237E-07   3.1439895635E-02
    8      6.4573720780E-09  -1.0666119867E-11  -9.5908820349E-02  -2.9333828380E-08   2.8746917713E-08
                    5                  6                  7                  8        
     0      3.8703029712E-08  -6.9797122191E-01  -7.7575583190E-08   6.4573720780E-09
     1      2.8669405855E-09   3.8561728769E-07  -9.5908689690E-02  -1.0666119867E-11
     2     -9.5908519425E-02  -1.5166352993E-07   2.5411345784E-10  -9.5908820349E-02
     3     -1.0475920139E-07  -7.7785808558E-02   1.1431253237E-07  -2.9333828380E-08
     4     -3.1345266533E-08  -1.0090004479E-07   3.1439895635E-02   2.8746917713E-08
     5      6.4468559945E-02   1.3890707148E-07   2.8478978355E-08   3.1439959480E-02
     6      1.3890707148E-07   7.7575703046E-01  -1.6072709604E-07   1.7816457378E-08
     7      2.8478978355E-08  -1.6072709604E-07   6.4468794055E-02  -2.8734671703E-08
     8      3.1439959480E-02   1.7816457378E-08  -2.8734671703E-08   6.4468860868E-02

$vibrational_frequencies
9
    0        0.0000000000000000
    1        0.0000000000000000
    2        0.0000000000000000
    3        0.0000000000000000
    4        0.0000000000000000
    5      761.8334433373810270
    6      761.8334911418329511
    7     1187.3059048157374491
    8     2055.1801305918479557

$normal_modes
9 9
                    0                  1                  2                  3                  4        
    0      0.0000000000E+00   0.0000000000E+00   0.0000000000E+00   0.0000000000E+00   0.0000000000E+00
    1      0.0000000000E+00   0.0000000000E+00   0.0000000000E+00   0.0000000000E+00   0.0000000000E+00
    2      0.0000000000E+00   0.0000000000E+00   0.0000000000E+00   0.0000000000E+00   0.0000000000E+00
    3      0.0000000000E+00   0.0000000000E+00   0.0000000000E+00   0.0000000000E+00   0.0000000000E+00
    4      0.0000000000E+00   0.0000000000E+00   0.0000000000E+00   0.0000000000E+00   0.0000000000E+00
    5      0.0000000000E+00   0.0000000000E+00   0.0000000000E+00   0.0000000000E+00   0.0000000000E+00
    6      0.0000000000E+00   0.0000000000E+00   0.0000000000E+00   0.0000000000E+00   0.0000000000E+00
    7      0.0000000000E+00   0.0000000000E+00   0.0000000000E+00   0.0000000000E+00   0.0000000000E+00
    8      0.0000000000E+00   0.0000000000E+00   0.0000000000E+00   0.0000000000E+00   0.0000000000E+00
                    5                  6                  7                  8        
     0     -1.4816430668E-07   3.4539600918E-08   2.7624335010E-08   8.8326227666E-01
     1     -8.7694255686E-01   1.0547038140E-01  -6.0036005892E-07  -1.5122855447E-07
     2     -1.0547038140E-01  -8.7694255686E-01   4.3925235052E-07   1.6600154246E-08
     3     -2.9494997952E-07   3.1450466208E-07   7.0710677082E-01  -3.3154771470E-01
     4      3.2917548129E-01  -3.9590122851E-02   2.2535548058E-07   5.6766240633E-08
     5      3.9590122851E-02   3.2917548129E-01  -1.6488092959E-07  -6.2311535180E-09
     6      4.0618202450E-07  -3.4043472937E-07  -7.0710679156E-01  -3.3154767907E-01
     7      3.2917548129E-01  -3.9590122851E-02   2.2535548058E-07   5.6766240633E-08
     8      3.9590122851E-02   3.2917548129E-01  -1.6488092942E-07  -6.2311536674E-09

#
# The atoms: label  mass x y z (in bohrs)
#
$atoms
3
 C     12.01100     -0.000000000000     0.000000000000     0.000000000000
 O     15.99900      2.267671360706     0.000000000000     0.000000000000
 O     15.99900     -2.267671360706     0.000000000000     0.000000000000

$actual_temperature
  0.000000

$frequency_scale_factor
  1.000000

$dipole_derivatives
9
    2.2870889488E+00   -1.8501957942E-07   -9.2471392357E-08
    1.0891703997E-06    5.0953731363E-01   -1.0683959460E-08
    2.1977529103E-06   -1.7815793391E-08    5.0953733395E-01
   -1.1434648753E+00   -2.0215689899E-08    7.4327097443E-08
   -5.9015287983E-08   -2.5474514635E-01    3.7628776062E-09
   -1.9738744863E-06    8.8278373021E-09   -2.5474516329E-01
   -1.1434653408E+00    2.0253350998E-07    1.3137955442E-08
   -8.7678112560E-07   -2.5474530934E-01    7.0780423653E-09
    1.4745195596E-07    9.2600301131E-09   -2.5474531328E-01

#
# The IR spectrum
#  wavenumber eps Int TX TY TZ
#
$ir_spectrum
9
      0.00   0.00000000   0.00000000     0.000000     0.000000     0.000000
      0.00   0.00000000   0.00000000     0.000000     0.000000     0.000000
      0.00   0.00000000   0.00000000     0.000000     0.000000     0.000000
      0.00   0.00000000   0.00000000     0.000000     0.000000     0.000000
      0.00   0.00000000   0.00000000     0.000000     0.000000     0.000000
    761.83   0.00573483  28.98150386    -0.000000    -0.048121    -0.005788
    761.83   0.00573484  28.98150689    -0.000000     0.005788    -0.048121
   1187.31   0.00000000   0.00000000     0.000000    -0.000000     0.000000
   2055.18   0.11554213 583.90258094     0.132455    -0.000000    -0.000000

#
# The IR spectrum
#  wavenumber eps Int TX TY TZ
#
$ir_spectrum
9
      0.00   0.00000000   0.00000000     0.000000     0.000000     0.000000
      0.00   0.00000000   0.00000000     0.000000     0.000000     0.000000
      0.00   0.00000000   0.00000000     0.000000     0.000000     0.000000
      0.00   0.00000000   0.00000000     0.000000     0.000000     0.000000
      0.00   0.00000000   0.00000000     0.000000     0.000000     0.000000
    761.83   0.00573483  28.98150386    -0.000000    -0.048121    -0.005788
    761.83   0.00573484  28.98150689    -0.000000     0.005788    -0.048121
   1187.31   0.00000000   0.00000000     0.000000    -0.000000     0.000000
   2055.18   0.11554213 583.90258094     0.132455    -0.000000    -0.000000


$end

