
$orca_hessian_file

$act_atom
  0

$act_coord
  0

$act_energy
        0.000000

$multiplicity
  1

$hessian
9
                    0                  1                  2                  3                  4        
    0      1.9094016498E+00  -1.4651231241E-07   8.9707033187E-08  -9.5468475336E-01  -1.1539679988E-08
    1     -1.4651231241E-07   1.5115550438E-01   8.1088887892E-08   2.8353421567E-07  -7.5574149650E-02
    2      8.9707033187E-08   8.1088887892E-08   1.5115564955E-01  -3.2029477979E-08  -6.9665306430E-08
    3     -9.5468475336E-01   2.8353421567E-07  -3.2029477979E-08   1.0456616256E+00  -1.9587750477E-07
    4     -1.1539679988E-08  -7.5574149650E-02  -6.9665306430E-08  -1.9587750477E-07   3.7785192037E-02
    5     -9.4913278059E-08  -6.9764215026E-08  -7.5574273337E-02   2.1229782807E-07   3.6956184828E-08
    6     -9.5471689643E-01   5.4753960203E-09  -6.0657583049E-08  -9.0976872211E-02   1.6336261997E-07
    7      1.5554693123E-08  -7.5581354729E-02  -1.1424374563E-08  -4.3602146105E-08   3.7788957613E-02
    8      8.1862727129E-09  -1.1323879765E-08  -7.5581376218E-02   4.1804503900E-08   3.2708748826E-08
                    5                  6                  7                  8        
     0     -9.4913278059E-08  -9.5471689643E-01   1.5554693123E-08   8.1862727129E-09
     1     -6.9764215026E-08   5.4753960203E-09  -7.5581354729E-02  -1.1323879765E-08
     2     -7.5574273337E-02  -6.0657583049E-08  -1.1424374563E-08  -7.5581376218E-02
     3      2.1229782807E-07  -9.0976872211E-02  -4.3602146105E-08   4.1804503900E-08
     4      3.6956184828E-08   1.6336261997E-07   3.7788957613E-02   3.2708748826E-08
     5      3.7785201867E-02  -3.3945740400E-07   3.2808402974E-08   3.7789071469E-02
     6     -3.3945740400E-07   1.0456937686E+00  -7.0395281504E-08   1.7506210522E-07
     7      3.2808402974E-08  -7.0395281504E-08   3.7792397116E-02  -2.1384448736E-08
     8      3.7789071469E-02   1.7506210522E-07  -2.1384448736E-08   3.7792304749E-02

$vibrational_frequencies
9
    0        0.0000000000000000
    1        0.0000000000000000
    2        0.0000000000000000
    3        0.0000000000000000
    4        0.0000000000000000
    5      676.2823607065128044
    6      676.2828476287041894
    7     1370.1376824995131756
    8     2403.6142793993572013

$normal_modes
9 9
                    0                  1                  2                  3                  4        
    0      0.0000000000E+00   0.0000000000E+00   0.0000000000E+00   0.0000000000E+00   0.0000000000E+00
    1      0.0000000000E+00   0.0000000000E+00   0.0000000000E+00   0.0000000000E+00   0.0000000000E+00
    2      0.0000000000E+00   0.0000000000E+00   0.0000000000E+00   0.0000000000E+00   0.0000000000E+00
    3      0.0000000000E+00   0.0000000000E+00   0.0000000000E+00   0.0000000000E+00   0.0000000000E+00
    4      0.0000000000E+00   0.0000000000E+00   0.0000000000E+00   0.0000000000E+00   0.0000000000E+00
    5      0.0000000000E+00   0.0000000000E+00   0.0000000000E+00   0.0000000000E+00   0.0000000000E+00
    6      0.0000000000E+00   0.0000000000E+00   0.0000000000E+00   0.0000000000E+00   0.0000000000E+00
    7      0.0000000000E+00   0.0000000000E+00   0.0000000000E+00   0.0000000000E+00   0.0000000000E+00
    8      0.0000000000E+00   0.0000000000E+00   0.0000000000E+00   0.0000000000E+00   0.0000000000E+00
                    5                  6                  7                  8        
     0      8.5586472943E-08   1.1107876505E-08   1.2820708447E-05   8.8326227660E-01
     1      8.0637788824E-01  -3.6042606833E-01  -3.2089500475E-07  -7.3600079064E-08
     2     -3.6042606833E-01  -8.0637788824E-01   1.0232912809E-07   4.5064392659E-08
     3     -2.4797956713E-07   2.0028686270E-08  -7.0711159359E-01  -3.3153942903E-01
     4     -3.0268691952E-01   1.3529172604E-01   1.2045326598E-07   3.6101009649E-08
     5      1.3529172604E-01   3.0268691952E-01  -3.8410838582E-08  -1.3170172333E-08
     6      1.8372685602E-07  -2.8367751546E-08   7.0710196864E-01  -3.3155596470E-01
     7     -3.0268871744E-01   1.3529252965E-01   1.2045365960E-07   1.9153103106E-08
     8      1.3529252965E-01   3.0268871744E-01  -3.8411160125E-08  -2.0661218414E-08

#
# The atoms: label  mass x y z (in bohrs)
#
$atoms
3
 C     12.01100     -0.000004733671     0.000000040738     0.000000018006
 O     15.99900      2.192162745434    -0.000000015292    -0.000000006759
 O     15.99900     -2.192159191705    -0.000000015292    -0.000000006759

$actual_temperature
  0.000000

$frequency_scale_factor
  1.000000

$dipole_derivatives
9
    2.4596917973E+00    4.5413689749E-08    1.1008322519E-07
   -6.5241097601E-06    5.1917009867E-01    3.5473717155E-09
    7.2969891388E-06    2.7680961866E-09    5.1917009726E-01
   -1.2297645216E+00   -1.2218095271E-08   -4.5451743944E-08
    4.0437344852E-06   -2.5960381844E-01   -2.0113117919E-10
   -1.6973803876E-06   -3.1882827669E-10   -2.5960380543E-01
   -1.2298038719E+00   -3.2126359472E-08   -6.2807613613E-08
    1.1229400045E-06   -2.5960885647E-01   -3.5343063585E-09
   -4.0835674036E-06   -2.6181709218E-09   -2.5960886583E-01

#
# The IR spectrum
#  wavenumber eps Int TX TY TZ
#
$ir_spectrum
9
      0.00   0.00000000   0.00000000     0.000000     0.000000     0.000000
      0.00   0.00000000   0.00000000     0.000000     0.000000     0.000000
      0.00   0.00000000   0.00000000     0.000000     0.000000     0.000000
      0.00   0.00000000   0.00000000     0.000000     0.000000     0.000000
      0.00   0.00000000   0.00000000     0.000000     0.000000     0.000000
    676.28   0.00595428  30.09050774    -0.000001     0.047854    -0.021389
    676.28   0.00595428  30.09050813    -0.000000    -0.021389    -0.047854
   1370.14   0.00000000   0.00000001     0.000001    -0.000000     0.000000
   2403.61   0.13364115 675.36761129     0.131722     0.000000     0.000000

#
# The IR spectrum
#  wavenumber eps Int TX TY TZ
#
$ir_spectrum
9
      0.00   0.00000000   0.00000000     0.000000     0.000000     0.000000
      0.00   0.00000000   0.00000000     0.000000     0.000000     0.000000
      0.00   0.00000000   0.00000000     0.000000     0.000000     0.000000
      0.00   0.00000000   0.00000000     0.000000     0.000000     0.000000
      0.00   0.00000000   0.00000000     0.000000     0.000000     0.000000
    676.28   0.00595428  30.09050774    -0.000001     0.047854    -0.021389
    676.28   0.00595428  30.09050813    -0.000000    -0.021389    -0.047854
   1370.14   0.00000000   0.00000001     0.000001    -0.000000     0.000000
   2403.61   0.13364115 675.36761129     0.131722     0.000000     0.000000


$end

