
$orca_hessian_file

$act_atom
  0

$act_coord
  0

$act_energy
        0.000000

$multiplicity
  1

$hessian
9
                    0                  1                  2                  3                  4        
    0      2.0161208618E+00  -1.7579345412E-08  -1.8927713957E-08  -1.0080262626E+00   8.0355319310E-08
    1     -1.7579345412E-08   1.4052407769E-01  -2.1296779724E-09   3.1853771152E-08  -7.0263913639E-02
    2     -1.8927713957E-08  -2.1296779724E-09   1.4052403339E-01  -9.5970303560E-09  -6.0294619867E-09
    3     -1.0080262626E+00   3.1853771152E-08  -9.5970303560E-09   1.0870472039E+00  -1.1256473229E-08
    4      8.0355319310E-08  -7.0263913639E-02  -6.0294619867E-09  -1.1256473229E-08   3.5097309314E-02
    5      1.5789844270E-08  -6.0417534882E-09  -7.0263903244E-02   1.9873355058E-08  -4.3784058985E-09
    6     -1.0080945992E+00  -1.3770281554E-08   2.2934507919E-08  -7.9020941286E-02  -1.1036074915E-07
    7     -6.3280118085E-08  -7.0260164051E-02   8.1644479594E-09   2.0664605144E-08   3.5166604325E-02
    8      8.7281060804E-09   8.1661234603E-09  -7.0260130143E-02   4.4666383929E-08   1.0412231289E-08
                    5                  6                  7                  8        
     0      1.5789844270E-08  -1.0080945992E+00  -6.3280118085E-08   8.7281060804E-09
     1     -6.0417534882E-09  -1.3770281554E-08  -7.0260164051E-02   8.1661234603E-09
     2     -7.0263903244E-02   2.2934507919E-08   8.1644479594E-09  -7.0260130143E-02
     3      1.9873355058E-08  -7.9020941286E-02   2.0664605144E-08   4.4666383929E-08
     4     -4.3784058985E-09  -1.1036074915E-07   3.5166604325E-02   1.0412231289E-08
     5      3.5097338771E-02  -9.0605907960E-08   1.0415795983E-08   3.5166564472E-02
     6     -9.0605907960E-08   1.0871155405E+00   8.3373271821E-08   7.1384550157E-09
     7      1.0415795983E-08   8.3373271821E-08   3.5093559726E-02  -1.8579299346E-08
     8      3.5166564472E-02   7.1384550157E-09  -1.8579299346E-08   3.5093565670E-02

$vibrational_frequencies
9
    0      -10.8422801298850828
    1      -10.8367696518346843
    2       -0.0000696891945475
    3        0.0000142992323694
    4        0.0092002685890189
    5      652.0658138343734436
    6      652.0659170981240322
    7     1387.7725340583306206
    8     2469.8717939797206782

$normal_modes
9 9
                    0                  1                  2                  3                  4        
    0      4.1399409632E-04   3.0072215813E-04   2.1882156075E-06  -1.4435994334E-05  -5.7735007837E-01
    1      1.3014807185E-05  -4.3250525178E-06  -3.5280166448E-01   4.5701675977E-01  -1.2756454391E-05
    2      4.4510367114E-06   1.3063070479E-05  -4.5701675994E-01  -3.5280166441E-01   7.0829040616E-06
    3      4.1400003742E-04   3.0071108978E-04   2.2220737193E-06  -1.4435690885E-05  -5.7735007837E-01
    4      6.6996623416E-01  -2.2613673688E-01  -3.5280167666E-01   4.5701675963E-01   3.1977148992E-04
    5      2.2613643272E-01   6.6996621997E-01  -4.5701675323E-01  -3.5280166366E-01   4.7575587286E-04
    6      4.1410714243E-04   3.0072162190E-04   2.1520019064E-06  -1.4438482723E-05  -5.7735007830E-01
    7     -6.6997599390E-01   2.2614001606E-01  -3.5280165226E-01   4.5701675994E-01  -3.4530638227E-04
    8     -2.2613980635E-01  -6.6997601598E-01  -4.5701676668E-01  -3.5280166513E-01  -4.6156936377E-04
                    5                  6                  7                  8        
     0      2.3694745979E-10   9.1672380916E-09  -2.5466127400E-05  -8.8326227643E-01
     1     -4.2308037927E-02   8.8224842260E-01   4.2170395167E-08   8.3385619279E-09
     2     -8.8224842260E-01  -4.2308037929E-02  -4.0932667779E-08   8.2453253055E-09
     3     -2.8993687157E-08  -1.9186961191E-08   7.0711634004E-01   3.3153127417E-01
     4      1.5881507242E-02  -3.3117596177E-01   5.8093282622E-08  -3.0348909154E-08
     5      3.3117602038E-01   1.5881442985E-02   7.2492551784E-08  -1.0358641391E-08
     6      5.5046273122E-08   1.5947166746E-08  -7.0709722174E-01   3.3156411942E-01
     7      1.5880593086E-02  -3.3115829687E-01  -4.0016554276E-08   2.4254310365E-08
     8      3.3115823826E-01   1.5880657343E-02   2.8259530525E-08   2.3294682960E-09

#
# The atoms: label  mass x y z (in bohrs)
#
$atoms
3
 C     12.01100     -0.000005004337     0.000000068596     0.000000005447
 O     15.99900      2.198325065692    -0.000000034298    -0.000000002723
 O     15.99900     -2.198320061355    -0.000000034298    -0.000000002724

$actual_temperature
  0.000000

$frequency_scale_factor
  1.000000

$dipole_derivatives
9
    2.3417776575E+00    6.6203799613E-09    2.1809305803E-08
   -4.5772019457E-07    5.4179681962E-01   -1.9691568752E-09
    1.5718129221E-07   -1.9609490380E-09    5.4179680234E-01
   -1.1707060290E+00   -2.6713693749E-08   -2.0323591633E-08
    6.1490922249E-07   -2.7086703896E-01    6.8538787921E-10
   -1.3103572632E-07    6.6608749518E-10   -2.7086702990E-01
   -1.1707326013E+00    2.0153862170E-08   -1.0214453569E-09
   -1.2983973046E-07   -2.7086837809E-01    1.2774442011E-09
   -3.4083543780E-08    1.2360002844E-09   -2.7086836985E-01

#
# The IR spectrum
#  wavenumber eps Int TX TY TZ
#
$ir_spectrum
9
    -10.84   0.00000000   0.00000000     0.000000     0.000000     0.000000
    -10.84   0.00000000   0.00000000     0.000000     0.000000     0.000000
     -0.00   0.00000000   0.00000000     0.000000     0.000000     0.000000
      0.00   0.00000000   0.00000000     0.000000     0.000000     0.000000
      0.01   0.00000000   0.00000000     0.000000     0.000000     0.000000
    652.07   0.00648391  32.76700484    -0.000000    -0.002668    -0.055641
    652.07   0.00648391  32.76700696    -0.000000     0.055641    -0.002668
   1387.77   0.00000000   0.00000024    -0.000003    -0.000000    -0.000000
   2469.87   0.12112888 612.13573442    -0.123711    -0.000000    -0.000000


$end

