*************************************************
******************* ORCA 6.0.1 ******************
*************************************************
$Calculation_Status
   &GeometryIndex 1
   &ListStatus       OUT
   &VERSION [&Type "String"] "6.0.1"
   &PROGNAME [&Type "String"] "LeanSCF"
   &STATUS [&Type "String"] "NORMAL TERMINATION"
$End
$Geometry
   &GeometryIndex 1
   &ListStatus       OUT
   &NATOMS [&Type "Integer"] 3
   &NCORELESSECP [&Type "Integer"] 0
   &NGHOSTATOMS [&Type "Integer"] 0
   &CartesianCoordinates [&Type "Coordinates", &Dim(3,4), &Units "Bohr"] 
              C      0.000000000000    0.000000000000    0.000000000000
              O      2.267671360706    0.000000000000    0.000000000000
              O     -2.267671360706    0.000000000000    0.000000000000
$End
$SCF_Energy
   &GeometryIndex 1
   &ListStatus       OUT
   &SCF_ENERGY [&Type "Double"]      -1.8858229235853742e+02
$End
$DFT_Energy
   &GeometryIndex 1
   &ListStatus       OUT
   &NALPHAEL [&Type "Integer"] 11
   &NBETAEL [&Type "Integer"] 11
   &NTOTALEL [&Type "Integer"] 22
   &EEXCHANGE [&Type "Double"]      -1.7180295563311315e+01
   &ECORR [&Type "Double"]      -9.2703378452838592e-01
   &ECNL [&Type "Double"]       0.0000000000000000e+00
   &EXC [&Type "Double"]      -1.8107329347839702e+01
   &EEMBED [&Type "Double"]       0.0000000000000000e+00
   &FINALEN [&Type "Double"]      -1.8858229235853742e+02  "No Van der Waals correction"
$End
$Mulliken_Population_Analysis
   &GeometryIndex 1
   &ListStatus       OUT
   &NATOMS [&Type "Integer"] 3
   &ATNO [&Type "ArrayOfIntegers", &Dim (3,1)] 
                                                         0

0                                                        6
1                                                        8
2                                                        8
   &ATOMICCHARGES [&Type "ArrayOfDoubles", &Dim (3,1)] 
                                                         0

0                                     -3.7467770019622260e-02
1                                      5.1874709036047284e-01
2                                      5.1872067965913171e-01
$End
$Loewdin_Population_Analysis
   &GeometryIndex 1
   &ListStatus       OUT
   &NATOMS [&Type "Integer"] 3
   &ATNO [&Type "ArrayOfIntegers", &Dim (3,1)] 
                                                         0

0                                                        6
1                                                        8
2                                                        8
   &ATOMICCHARGES [&Type "ArrayOfDoubles", &Dim (3,1)] 
                                                         0

0                                      4.4412209137898321e-03
1                                      4.9779245101604619e-01
2                                      4.9776632807015686e-01
$End
$Mayer_Population_Analysis
   &GeometryIndex 1
   &ListStatus       OUT
   &NATOMS [&Type "Integer"] 3 "Total number of atoms"
   &BONDTHRESH [&Type "Double"]       1.0000000000000001e-01  "The threshold for printing"
   &NBONDORDERSPRINT [&Type "Integer"] 3 "The number of bond orders larger than threshold"
   &BONDORDERS [&Type "ArrayOfDoubles", &Dim (3,1)] "The bond orders"
                                                         0

0                                      1.9336178060499449e+00
1                                      1.9335991358225790e+00
2                                      3.1169240732771675e-01
   &COMPONENTS [&Type "ArrayOfIntegers", &Dim (3,4)] "The indices and atomic numbers of the bonding atoms"
                                                         0                           1                           2                           3

0                                                        0                           6                           1                           8
1                                                        0                           6                           2                           8
2                                                        1                           8                           2                           8
   &ATNO [&Type "ArrayOfIntegers", &Dim (3,1)] "Atomic number of the elements"
                                                         0

0                                                        6
1                                                        8
2                                                        8
   &NA [&Type "ArrayOfDoubles", &Dim (3,1)] "Mulliken gross atomic population"
                                                         0

0                                      5.3012492524529549e+00
1                                      8.3493657138712241e+00
2                                      8.3493850336759152e+00
   &ZA [&Type "ArrayOfDoubles", &Dim (3,1)] "Total nuclear charge"
                                                         0

0                                      6.0000000000000000e+00
1                                      8.0000000000000000e+00
2                                      8.0000000000000000e+00
   &QA [&Type "ArrayOfDoubles", &Dim (3,1)] "Mulliken gross atomic charge"
                                                         0

0                                      6.9875074754704514e-01
1                                     -3.4936571387122406e-01
2                                     -3.4938503367591522e-01
   &VA [&Type "ArrayOfDoubles", &Dim (3,1)] "Mayer's total valence"
                                                         0

0                                      3.8672169418724902e+00
1                                      2.2453102133775920e+00
2                                      2.2452915431502509e+00
   &BVA [&Type "ArrayOfDoubles", &Dim (3,1)] "Mayer's bonded valence"
                                                         0

0                                      3.8672169418725240e+00
1                                      2.2453102133776617e+00
2                                      2.2452915431502958e+00
   &FA [&Type "ArrayOfDoubles", &Dim (3,1)] "Mayer's free valence"
                                                         0

0                                      0.0000000000000000e+00
1                                      0.0000000000000000e+00
2                                      0.0000000000000000e+00
$End
$SCF_Nuc_Gradient
   &GeometryIndex 1
   &ListStatus       OUT
   &NATOMS [&Type "Integer"] 3
   &ROOT [&Type "Integer"] 0
   &GRADNORM [&Type "Double"]       1.0571962212897903e-01
   &GRAD [&Type "ArrayOfDoubles", &Dim (9,1)] 
                                                         0

0                                     -6.5209165815453906e-06
1                                      5.8501684986545066e-09
2                                      2.4751745775423455e-08
3                                      7.4758321957143992e-02
4                                      8.1025476818201751e-08
5                                     -1.0908790585472589e-09
6                                     -7.4751801039897647e-02
7                                     -8.6875654507693065e-08
8                                     -2.3660912320544698e-08
$End
$SCF_Dipole_Moment
   &GeometryIndex 1
   &ListStatus       OUT
   &METHOD [&Type "String"] "SCF"
   &LEVEL [&Type "String"] "Relaxed density"
   &MULT [&Type "Integer"] 1
   &STATE [&Type "Integer"] -1
   &IRREP [&Type "Integer"] 0
   &NATOMS [&Type "Integer"] 3
   &DODIPOLEATOM [&Type "Boolean"] false
   &DIPOLEELECCONTRIB [&Type "ArrayOfDoubles", &Dim (3,1)] "Electronic contribution"
                                                         0

0                                      3.9921160865948871e-05
1                                      5.7137958502566040e-08
2                                     -1.8468404042367860e-08
   &DIPOLENUCCONTRIB [&Type "ArrayOfDoubles", &Dim (3,1)] "Nuclear contribution"
                                                         0

0                                      0.0000000000000000e+00
1                                      0.0000000000000000e+00
2                                      0.0000000000000000e+00
   &DIPOLETOTAL [&Type "ArrayOfDoubles", &Dim (3,1)] "Total"
                                                         0

0                                      3.9921160865948871e-05
1                                      5.7137958502566040e-08
2                                     -1.8468404042367860e-08
   &DIPOLEMAGNITUDE [&Type "Double", &Units "a.u."]       3.9921206027789507e-05
$End
$THERMOCHEMISTRY_Energies
   &GeometryIndex 1
   &ListStatus       FIRST
   &TEMPERATURE [&Type "Double"]       2.9814999999999998e+02
   &PRESSURE [&Type "Double"]       1.0000000000000000e+00
   &TOTALMASS [&Type "Double"]       4.4009000000000000e+01
   &SPINDEGENERACY [&Type "Integer"] 1
   &ELENERGY [&Type "Double"]      -1.8858229235853742e+02
   &TRANSENERGY [&Type "Double"]       1.4162714244859817e-03
   &ROTENERGY [&Type "Double"]       9.4418094965732118e-04
   &VIBENERGY [&Type "Double"]       1.9831508360875839e-04
   &NUMOFFREQS [&Type "Integer"] 9
   &FREQSCALINGFACTOR [&Type "Double"]       1.0000000000000000e+00
   &FREQ [&Type "ArrayOfDoubles", &Dim (9,1)] "In cm^-1"
                                                         0

0                                      0.0000000000000000e+00
1                                      0.0000000000000000e+00
2                                      0.0000000000000000e+00
3                                      0.0000000000000000e+00
4                                      0.0000000000000000e+00
5                                      7.6204758613476690e+02
6                                      7.6204772523093288e+02
7                                      1.1869387620934749e+03
8                                      2.0509784213131338e+03
   &ZPE [&Type "Double"]       1.0848662717043184e-02
   &INNERENERGYU [&Type "Double"]      -1.8856888492836259e+02
   &ENTHALPYH [&Type "Double"]      -1.8856794071932035e+02
   &QEL [&Type "Double"]       0.0000000000000000e+00
   &QROT [&Type "Double"]       6.9296482833279124e-03
   &QVIB [&Type "Double"]       2.4998371066896699e-04
   &QTRANS [&Type "Double"]       1.7708800485862652e-02
   &ENTROPYS [&Type "Double"]       2.4888432479859533e-02
   &FREEENERGYG [&Type "Double"]      -1.8859282915180020e+02
   &ISLINEAR [&Type "Boolean"] true
$End
$Hessian
   &GeometryIndex 1
   &ListStatus       FIRST
   &HESSIAN [&Type "ArrayOfDoubles", &Dim (9,9)] "The Hessian"
                                                         0                           1                           2                           3                           4                           5                           6                           7

0                                      1.3902404643124830e+00        -1.9244460334591620e-07        -2.9359314912678311e-07        -6.9511830215174353e-01         3.1923261428654324e-07        -4.0551623198348025e-08        -6.9512216216073941e-01        -3.0097743489373866e-07
1                                     -1.9244460334591620e-07         1.9192517035594234e-01         1.5835214461245145e-08         2.6264233969085848e-07        -9.5960737846467276e-02         1.8313597496969167e-08         1.0399168760816936e-07        -9.5964432509475062e-02
2                                     -2.9359314912678311e-07         1.5835214461245145e-08         1.9192523285348639e-01         8.9329818745174345e-08         1.7861878058508783e-08        -9.5960812532407125e-02         3.3689947570120554e-07        -3.3699403535192668e-08
3                                     -6.9511830215174353e-01         2.6264233969085848e-07         8.9329818745174345e-08         7.7406572349592695e-01        -6.4798852127769811e-07        -2.2709858924304465e-07        -7.8947421344183422e-02         1.1384839325509959e-07
4                                      3.1923261428654324e-07        -9.5960737846467276e-02         1.7861878058508783e-08        -6.4798852127769811e-07         6.4440690015789365e-02        -7.2720515875571347e-08         6.0025369532289484e-07         3.1520047830677904e-02
5                                     -4.0551623198348025e-08         1.8313597496969167e-08        -9.5960812532407125e-02        -2.2709858924304465e-07        -7.2720515875571347e-08         6.4440797069453964e-02         5.0875684330282057e-07         5.4406855690348643e-08
6                                     -6.9512216216073941e-01         1.0399168760816936e-07         3.3689947570120554e-07        -7.8947421344183422e-02         6.0025369532289484e-07         5.0875684330282057e-07         7.7406958350492283e-01        -2.5855817064621254e-07
7                                     -3.0097743489373866e-07        -9.5964432509475062e-02        -3.3699403535192668e-08         1.1384839325509959e-07         3.1520047830677904e-02         5.4406855690348643e-08        -2.5855817064621254e-07         6.4444384678797151e-02
8                                      2.0150862700553431e-07        -3.4146500942775570e-08        -9.5964420321079269e-02        -1.0333786036355757e-07         5.4858700505316105e-08         3.1520015462953153e-02        -4.7191354282300144e-07        -2.0709825858848255e-08
                                                         8

0                                      2.0150862700553431e-07
1                                     -3.4146500942775570e-08
2                                     -9.5964420321079269e-02
3                                     -1.0333786036355757e-07
4                                      5.4858700505316105e-08
5                                      3.1520015462953153e-02
6                                     -4.7191354282300144e-07
7                                     -2.0709825858848255e-08
8                                      6.4444404858126109e-02
   &MODES [&Type "ArrayOfDoubles", &Dim (9,9)] "The modes of vibrations"
                                                         0                           1                           2                           3                           4                           5                           6                           7

0                                      0.0000000000000000e+00         0.0000000000000000e+00         0.0000000000000000e+00         0.0000000000000000e+00         0.0000000000000000e+00        -2.4423915894903924e-08        -6.7811920339614617e-08        -5.3658812701256912e-07
1                                      0.0000000000000000e+00         0.0000000000000000e+00         0.0000000000000000e+00         0.0000000000000000e+00         0.0000000000000000e+00        -2.3930264688124023e-01        -5.7171957124417458e-02         1.6643435863411250e-07
2                                      0.0000000000000000e+00         0.0000000000000000e+00         0.0000000000000000e+00         0.0000000000000000e+00         0.0000000000000000e+00         5.7171957124413711e-02        -2.3930264688129183e-01        -3.7459870618676766e-08
3                                      0.0000000000000000e+00         0.0000000000000000e+00         0.0000000000000000e+00         0.0000000000000000e+00         0.0000000000000000e+00         1.3173493813610755e-07         2.7063768531425840e-08         1.7678242124445417e-01
4                                      0.0000000000000000e+00         0.0000000000000000e+00         0.0000000000000000e+00         0.0000000000000000e+00         0.0000000000000000e+00         8.9826367013268807e-02         2.1460478061796916e-02        -6.2474000923630343e-08
5                                      0.0000000000000000e+00         0.0000000000000000e+00         0.0000000000000000e+00         0.0000000000000000e+00         0.0000000000000000e+00        -2.1460478061795508e-02         8.9826367013288166e-02         1.4061207121953076e-08
6                                      0.0000000000000000e+00         0.0000000000000000e+00         0.0000000000000000e+00         0.0000000000000000e+00         0.0000000000000000e+00        -1.1339906377930808e-07         2.3844974211136364e-08        -1.7678201840927737e-01
7                                      0.0000000000000000e+00         0.0000000000000000e+00         0.0000000000000000e+00         0.0000000000000000e+00         0.0000000000000000e+00         8.9826367013268835e-02         2.1460478061796923e-02        -6.2474000923630369e-08
8                                      0.0000000000000000e+00         0.0000000000000000e+00         0.0000000000000000e+00         0.0000000000000000e+00         0.0000000000000000e+00        -2.1460478061795508e-02         8.9826367013288166e-02         1.4061207163587782e-08
                                                         8

0                                      2.4603737416404842e-01
1                                     -3.9512528013012020e-08
2                                     -6.0280390695441651e-08
3                                     -9.2353977258457592e-02
4                                      1.4831707418097604e-08
5                                      2.2627282121738509e-08
6                                     -9.2354748354667268e-02
7                                      1.4831707418097609e-08
8                                      2.2627282080103885e-08
$End
$THERMOCHEMISTRY_Energies
   &GeometryIndex 1
   &ListStatus       LAST
   &TEMPERATURE [&Type "Double"]       2.9814999999999998e+02
   &PRESSURE [&Type "Double"]       1.0000000000000000e+00
   &TOTALMASS [&Type "Double"]       4.4009000000000000e+01
   &SPINDEGENERACY [&Type "Integer"] 1
   &ELENERGY [&Type "Double"]      -1.8858229235853742e+02
   &TRANSENERGY [&Type "Double"]       1.4162714244859817e-03
   &ROTENERGY [&Type "Double"]       9.4418094965732118e-04
   &VIBENERGY [&Type "Double"]       1.9831508360875839e-04
   &NUMOFFREQS [&Type "Integer"] 9
   &FREQSCALINGFACTOR [&Type "Double"]       1.0000000000000000e+00
   &FREQ [&Type "ArrayOfDoubles", &Dim (9,1)] "In cm^-1"
                                                         0

0                                      0.0000000000000000e+00
1                                      0.0000000000000000e+00
2                                      0.0000000000000000e+00
3                                      0.0000000000000000e+00
4                                      0.0000000000000000e+00
5                                      7.6204758613476690e+02
6                                      7.6204772523093288e+02
7                                      1.1869387620934749e+03
8                                      2.0509784213131338e+03
   &ZPE [&Type "Double"]       1.0848662717043184e-02
   &INNERENERGYU [&Type "Double"]      -1.8856888492836259e+02
   &ENTHALPYH [&Type "Double"]      -1.8856794071932035e+02
   &QEL [&Type "Double"]       0.0000000000000000e+00
   &QROT [&Type "Double"]       6.9296482833279124e-03
   &QVIB [&Type "Double"]       2.4998371066896699e-04
   &QTRANS [&Type "Double"]       1.7708800485862652e-02
   &ENTROPYS [&Type "Double"]       2.4888432479859533e-02
   &FREEENERGYG [&Type "Double"]      -1.8859282915180020e+02
   &ISLINEAR [&Type "Boolean"] true
$End
$Hessian
   &GeometryIndex 1
   &ListStatus       LAST
   &HESSIAN [&Type "ArrayOfDoubles", &Dim (9,9)] "The Hessian"
                                                         0                           1                           2                           3                           4                           5                           6                           7

0                                      1.3902404643124830e+00        -1.9244460334591620e-07        -2.9359314912678311e-07        -6.9511830215174353e-01         3.1923261428654324e-07        -4.0551623198348025e-08        -6.9512216216073941e-01        -3.0097743489373866e-07
1                                     -1.9244460334591620e-07         1.9192517035594234e-01         1.5835214461245145e-08         2.6264233969085848e-07        -9.5960737846467276e-02         1.8313597496969167e-08         1.0399168760816936e-07        -9.5964432509475062e-02
2                                     -2.9359314912678311e-07         1.5835214461245145e-08         1.9192523285348639e-01         8.9329818745174345e-08         1.7861878058508783e-08        -9.5960812532407125e-02         3.3689947570120554e-07        -3.3699403535192668e-08
3                                     -6.9511830215174353e-01         2.6264233969085848e-07         8.9329818745174345e-08         7.7406572349592695e-01        -6.4798852127769811e-07        -2.2709858924304465e-07        -7.8947421344183422e-02         1.1384839325509959e-07
4                                      3.1923261428654324e-07        -9.5960737846467276e-02         1.7861878058508783e-08        -6.4798852127769811e-07         6.4440690015789365e-02        -7.2720515875571347e-08         6.0025369532289484e-07         3.1520047830677904e-02
5                                     -4.0551623198348025e-08         1.8313597496969167e-08        -9.5960812532407125e-02        -2.2709858924304465e-07        -7.2720515875571347e-08         6.4440797069453964e-02         5.0875684330282057e-07         5.4406855690348643e-08
6                                     -6.9512216216073941e-01         1.0399168760816936e-07         3.3689947570120554e-07        -7.8947421344183422e-02         6.0025369532289484e-07         5.0875684330282057e-07         7.7406958350492283e-01        -2.5855817064621254e-07
7                                     -3.0097743489373866e-07        -9.5964432509475062e-02        -3.3699403535192668e-08         1.1384839325509959e-07         3.1520047830677904e-02         5.4406855690348643e-08        -2.5855817064621254e-07         6.4444384678797151e-02
8                                      2.0150862700553431e-07        -3.4146500942775570e-08        -9.5964420321079269e-02        -1.0333786036355757e-07         5.4858700505316105e-08         3.1520015462953153e-02        -4.7191354282300144e-07        -2.0709825858848255e-08
                                                         8

0                                      2.0150862700553431e-07
1                                     -3.4146500942775570e-08
2                                     -9.5964420321079269e-02
3                                     -1.0333786036355757e-07
4                                      5.4858700505316105e-08
5                                      3.1520015462953153e-02
6                                     -4.7191354282300144e-07
7                                     -2.0709825858848255e-08
8                                      6.4444404858126109e-02
   &MODES [&Type "ArrayOfDoubles", &Dim (9,9)] "The modes of vibrations"
                                                         0                           1                           2                           3                           4                           5                           6                           7

0                                      0.0000000000000000e+00         0.0000000000000000e+00         0.0000000000000000e+00         0.0000000000000000e+00         0.0000000000000000e+00        -2.4423915894903924e-08        -6.7811920339614617e-08        -5.3658812701256912e-07
1                                      0.0000000000000000e+00         0.0000000000000000e+00         0.0000000000000000e+00         0.0000000000000000e+00         0.0000000000000000e+00        -2.3930264688124023e-01        -5.7171957124417458e-02         1.6643435863411250e-07
2                                      0.0000000000000000e+00         0.0000000000000000e+00         0.0000000000000000e+00         0.0000000000000000e+00         0.0000000000000000e+00         5.7171957124413711e-02        -2.3930264688129183e-01        -3.7459870618676766e-08
3                                      0.0000000000000000e+00         0.0000000000000000e+00         0.0000000000000000e+00         0.0000000000000000e+00         0.0000000000000000e+00         1.3173493813610755e-07         2.7063768531425840e-08         1.7678242124445417e-01
4                                      0.0000000000000000e+00         0.0000000000000000e+00         0.0000000000000000e+00         0.0000000000000000e+00         0.0000000000000000e+00         8.9826367013268807e-02         2.1460478061796916e-02        -6.2474000923630343e-08
5                                      0.0000000000000000e+00         0.0000000000000000e+00         0.0000000000000000e+00         0.0000000000000000e+00         0.0000000000000000e+00        -2.1460478061795508e-02         8.9826367013288166e-02         1.4061207121953076e-08
6                                      0.0000000000000000e+00         0.0000000000000000e+00         0.0000000000000000e+00         0.0000000000000000e+00         0.0000000000000000e+00        -1.1339906377930808e-07         2.3844974211136364e-08        -1.7678201840927737e-01
7                                      0.0000000000000000e+00         0.0000000000000000e+00         0.0000000000000000e+00         0.0000000000000000e+00         0.0000000000000000e+00         8.9826367013268835e-02         2.1460478061796923e-02        -6.2474000923630369e-08
8                                      0.0000000000000000e+00         0.0000000000000000e+00         0.0000000000000000e+00         0.0000000000000000e+00         0.0000000000000000e+00        -2.1460478061795508e-02         8.9826367013288166e-02         1.4061207163587782e-08
                                                         8

0                                      2.4603737416404842e-01
1                                     -3.9512528013012020e-08
2                                     -6.0280390695441651e-08
3                                     -9.2353977258457592e-02
4                                      1.4831707418097604e-08
5                                      2.2627282121738509e-08
6                                     -9.2354748354667268e-02
7                                      1.4831707418097609e-08
8                                      2.2627282080103885e-08
$End
