
$orca_hessian_file

$act_atom
  0

$act_coord
  0

$act_energy
        0.000000

$multiplicity
  1

$hessian
9
                    0                  1                  2                  3                  4        
    0      1.3902404643E+00  -1.9244460335E-07  -2.9359314913E-07  -6.9511830215E-01   3.1923261429E-07
    1     -1.9244460335E-07   1.9192517036E-01   1.5835214461E-08   2.6264233969E-07  -9.5960737846E-02
    2     -2.9359314913E-07   1.5835214461E-08   1.9192523285E-01   8.9329818745E-08   1.7861878059E-08
    3     -6.9511830215E-01   2.6264233969E-07   8.9329818745E-08   7.7406572350E-01  -6.4798852128E-07
    4      3.1923261429E-07  -9.5960737846E-02   1.7861878059E-08  -6.4798852128E-07   6.4440690016E-02
    5     -4.0551623198E-08   1.8313597497E-08  -9.5960812532E-02  -2.2709858924E-07  -7.2720515876E-08
    6     -6.9512216216E-01   1.0399168761E-07   3.3689947570E-07  -7.8947421344E-02   6.0025369532E-07
    7     -3.0097743489E-07  -9.5964432509E-02  -3.3699403535E-08   1.1384839326E-07   3.1520047831E-02
    8      2.0150862701E-07  -3.4146500943E-08  -9.5964420321E-02  -1.0333786036E-07   5.4858700505E-08
                    5                  6                  7                  8        
     0     -4.0551623198E-08  -6.9512216216E-01  -3.0097743489E-07   2.0150862701E-07
     1      1.8313597497E-08   1.0399168761E-07  -9.5964432509E-02  -3.4146500943E-08
     2     -9.5960812532E-02   3.3689947570E-07  -3.3699403535E-08  -9.5964420321E-02
     3     -2.2709858924E-07  -7.8947421344E-02   1.1384839326E-07  -1.0333786036E-07
     4     -7.2720515876E-08   6.0025369532E-07   3.1520047831E-02   5.4858700505E-08
     5      6.4440797069E-02   5.0875684330E-07   5.4406855690E-08   3.1520015463E-02
     6      5.0875684330E-07   7.7406958350E-01  -2.5855817065E-07  -4.7191354282E-07
     7      5.4406855690E-08  -2.5855817065E-07   6.4444384679E-02  -2.0709825859E-08
     8      3.1520015463E-02  -4.7191354282E-07  -2.0709825859E-08   6.4444404858E-02

$vibrational_frequencies
9
    0        0.0000000000000000
    1        0.0000000000000000
    2        0.0000000000000000
    3        0.0000000000000000
    4        0.0000000000000000
    5      762.0475861347669024
    6      762.0477252309328833
    7     1186.9387620934749066
    8     2050.9784213131338220

$normal_modes
9 9
                    0                  1                  2                  3                  4        
    0      0.0000000000E+00   0.0000000000E+00   0.0000000000E+00   0.0000000000E+00   0.0000000000E+00
    1      0.0000000000E+00   0.0000000000E+00   0.0000000000E+00   0.0000000000E+00   0.0000000000E+00
    2      0.0000000000E+00   0.0000000000E+00   0.0000000000E+00   0.0000000000E+00   0.0000000000E+00
    3      0.0000000000E+00   0.0000000000E+00   0.0000000000E+00   0.0000000000E+00   0.0000000000E+00
    4      0.0000000000E+00   0.0000000000E+00   0.0000000000E+00   0.0000000000E+00   0.0000000000E+00
    5      0.0000000000E+00   0.0000000000E+00   0.0000000000E+00   0.0000000000E+00   0.0000000000E+00
    6      0.0000000000E+00   0.0000000000E+00   0.0000000000E+00   0.0000000000E+00   0.0000000000E+00
    7      0.0000000000E+00   0.0000000000E+00   0.0000000000E+00   0.0000000000E+00   0.0000000000E+00
    8      0.0000000000E+00   0.0000000000E+00   0.0000000000E+00   0.0000000000E+00   0.0000000000E+00
                    5                  6                  7                  8        
     0     -8.7680677099E-08  -2.4344151513E-07  -2.1462854335E-06   8.8326227666E-01
     1     -8.5908493136E-01  -2.0524456165E-01   6.6571662992E-07  -1.4184806503E-07
     2      2.0524456165E-01  -8.5908493136E-01  -1.4983479992E-07  -2.1640368787E-07
     3      4.7292205816E-07   9.7157620420E-08   7.0710758683E-01  -3.3154631279E-01
     4      3.2247231422E-01   7.7042078568E-02  -2.4988819432E-07   5.3245112477E-08
     5     -7.7042078568E-02   3.2247231422E-01   5.6243070809E-08   8.1230848725E-08
     6     -4.0709715581E-07   8.5602304448E-08  -7.0710597554E-01  -3.3154908099E-01
     7      3.2247231422E-01   7.7042078568E-02  -2.4988819432E-07   5.3245112477E-08
     8     -7.7042078568E-02   3.2247231422E-01   5.6243070976E-08   8.1230848576E-08

#
# The atoms: label  mass x y z (in bohrs)
#
$atoms
3
 C     12.01100     -0.000000000000     0.000000000000     0.000000000000
 O     15.99900      2.267671360706     0.000000000000     0.000000000000
 O     15.99900     -2.267671360706     0.000000000000     0.000000000000

$actual_temperature
  0.000000

$frequency_scale_factor
  1.000000

$dipole_derivatives
9
    2.3369553014E+00   -4.8243939323E-08    1.2018415646E-07
   -1.1538285776E-05    4.9410500522E-01   -1.5920800144E-08
   -8.1449982703E-06   -1.7685257357E-08    4.9410500235E-01
   -1.1683856185E+00    4.6545525214E-08    9.9176902878E-09
    1.4141844148E-05   -2.4711382224E-01    9.2437489001E-09
    2.4186746021E-06    1.2059895117E-08   -2.4711379823E-01
   -1.1684062277E+00    1.8696990753E-09   -1.2576182169E-07
   -5.9576906233E-06   -2.4713050982E-01    6.1729587008E-09
    3.3844982011E-06    5.1916976583E-09   -2.4713051123E-01

#
# The IR spectrum
#  wavenumber eps Int TX TY TZ
#
$ir_spectrum
9
      0.00   0.00000000   0.00000000     0.000000     0.000000     0.000000
      0.00   0.00000000   0.00000000     0.000000     0.000000     0.000000
      0.00   0.00000000   0.00000000     0.000000     0.000000     0.000000
      0.00   0.00000000   0.00000000     0.000000     0.000000     0.000000
      0.00   0.00000000   0.00000000     0.000000     0.000000     0.000000
    762.05   0.00539382  27.25813250     0.000001    -0.045711     0.010921
    762.05   0.00539381  27.25813002     0.000001    -0.010921    -0.045711
   1186.94   0.00000000   0.00000000     0.000000     0.000000    -0.000000
   2050.98   0.12063545 609.64212430     0.135481    -0.000000    -0.000000

#
# The IR spectrum
#  wavenumber eps Int TX TY TZ
#
$ir_spectrum
9
      0.00   0.00000000   0.00000000     0.000000     0.000000     0.000000
      0.00   0.00000000   0.00000000     0.000000     0.000000     0.000000
      0.00   0.00000000   0.00000000     0.000000     0.000000     0.000000
      0.00   0.00000000   0.00000000     0.000000     0.000000     0.000000
      0.00   0.00000000   0.00000000     0.000000     0.000000     0.000000
    762.05   0.00539382  27.25813250     0.000001    -0.045711     0.010921
    762.05   0.00539381  27.25813002     0.000001    -0.010921    -0.045711
   1186.94   0.00000000   0.00000000     0.000000     0.000000    -0.000000
   2050.98   0.12063545 609.64212430     0.135481    -0.000000    -0.000000


$end

