
$orca_hessian_file

$act_atom
  0

$act_coord
  0

$act_energy
     -188.588208

$multiplicity
  1

$hessian
9
                    0                  1                  2                  3                  4        
    0      1.9107607046E+00  -2.2459174091E-05   1.4355875509E-06  -9.5535705064E-01   2.3350222328E-05
    1     -2.2459174091E-05   1.4995374160E-01  -1.8234363234E-06   8.1529191809E-06  -7.5169386191E-02
    2      1.4355875509E-06  -1.8234363234E-06   1.4995209576E-01   2.0957433109E-05   3.6659432544E-06
    3     -9.5535705064E-01   8.1529191809E-06   2.0957433109E-05   1.0473057462E+00  -1.2583807484E-05
    4      2.3350222328E-05  -7.5169386191E-02   3.6659432544E-06  -1.2583807484E-05   3.7499572812E-02
    5      3.9418531212E-06   1.6466435332E-07  -7.5181016612E-02  -1.1565428992E-05  -5.2349733098E-06
    6     -9.5540365400E-01   9.0049752493E-06  -1.4898693935E-05  -9.1948695580E-02   1.5553705643E-06
    7      4.4102314240E-06  -7.4784355408E-02  -3.7904124199E-06  -7.8908971047E-06   3.7669813379E-02
    8     -1.2871767397E-05   3.6066774590E-06  -7.4771079152E-02  -2.3654774849E-07  -4.1347848681E-06
                    5                  6                  7                  8        
     0      3.9418531212E-06  -9.5540365400E-01   4.4102314240E-06  -1.2871767397E-05
     1      1.6466435332E-07   9.0049752493E-06  -7.4784355408E-02   3.6066774590E-06
     2     -7.5181016612E-02  -1.4898693935E-05  -3.7904124199E-06  -7.4771079152E-02
     3     -1.1565428992E-05  -9.1948695580E-02  -7.8908971047E-06  -2.3654774849E-07
     4     -5.2349733098E-06   1.5553705643E-06   3.7669813379E-02  -4.1347848681E-06
     5      3.7506537708E-02  -1.5318804975E-06   1.0774123880E-05   3.7674478904E-02
     6     -1.5318804975E-06   1.0473523496E+00  -3.5398400665E-06   1.4769444789E-05
     7      1.0774123880E-05  -3.5398400665E-06   3.7114542029E-02  -3.2278020255E-06
     8      3.7674478904E-02   1.4769444789E-05  -3.2278020255E-06   3.7096600248E-02

$vibrational_frequencies
9
    0        0.0000000000000000
    1        0.0000000000000000
    2        0.0000000000000000
    3        0.0000000000000000
    4        0.0000000000000000
    5      673.5823387588494597
    6      673.5913257102282614
    7     1371.7177753544917778
    8     2404.4695378503120082

$normal_modes
9 9
                    0                  1                  2                  3                  4        
    0      0.0000000000E+00   0.0000000000E+00   0.0000000000E+00   0.0000000000E+00   0.0000000000E+00
    1      0.0000000000E+00   0.0000000000E+00   0.0000000000E+00   0.0000000000E+00   0.0000000000E+00
    2      0.0000000000E+00   0.0000000000E+00   0.0000000000E+00   0.0000000000E+00   0.0000000000E+00
    3      0.0000000000E+00   0.0000000000E+00   0.0000000000E+00   0.0000000000E+00   0.0000000000E+00
    4      0.0000000000E+00   0.0000000000E+00   0.0000000000E+00   0.0000000000E+00   0.0000000000E+00
    5      0.0000000000E+00   0.0000000000E+00   0.0000000000E+00   0.0000000000E+00   0.0000000000E+00
    6      0.0000000000E+00   0.0000000000E+00   0.0000000000E+00   0.0000000000E+00   0.0000000000E+00
    7      0.0000000000E+00   0.0000000000E+00   0.0000000000E+00   0.0000000000E+00   0.0000000000E+00
    8      0.0000000000E+00   0.0000000000E+00   0.0000000000E+00   0.0000000000E+00   0.0000000000E+00
                    5                  6                  7                  8        
     0     -5.5071242681E-06   9.8546804157E-06   1.8589401999E-05   8.8326227646E-01
     1     -4.7915830531E-01   7.4199701331E-01  -4.8235596080E-06  -1.1266025752E-05
     2     -7.4199701286E-01  -4.7915830512E-01  -3.5846885893E-05   7.2030585462E-07
     3      2.3174339390E-05   6.2285488028E-06  -7.0711375829E-01  -3.3153570884E-01
     4      1.7985978226E-01  -2.7852052186E-01   1.8106009534E-06   4.2373581355E-06
     5      2.7852052170E-01   1.7985978219E-01   1.3455705670E-05  -2.6663292352E-07
     6     -1.9039951642E-05  -1.3626796598E-05   7.0709980259E-01  -3.3155968479E-01
     7      1.7986085060E-01  -2.7852217623E-01   1.8106112756E-06   4.2204351837E-06
     8      2.7852217607E-01   1.7986085053E-01   1.3455785452E-05  -2.7412547514E-07

#
# The atoms: label  mass x y z (in bohrs)
#
$atoms
3
 C     12.01100     -0.000004733671     0.000000040738     0.000000018006
 O     15.99900      2.192162745434    -0.000000015292    -0.000000006759
 O     15.99900     -2.192159191705    -0.000000015292    -0.000000006759

$actual_temperature
  0.000000

$frequency_scale_factor
  1.000000

$dipole_derivatives
9
    2.4591041803E+00   -8.9541248902E-06   -2.3140249533E-07
    1.0512816826E-05    5.2025274512E-01   -2.0485808222E-06
   -1.3556446674E-05   -1.1755227715E-06    5.2025810274E-01
   -1.2289810525E+00    4.6288896562E-06    3.4021100427E-06
    3.0301000351E-06   -2.5959471301E-01    2.1410902918E-07
   -6.7098577872E-06    2.9120626407E-07   -2.5959398004E-01
   -1.2290047089E+00   -5.6499261026E-06   -1.6737025277E-06
    2.0507572043E-06   -2.6464137315E-01   -1.2612385531E-06
   -3.2145660699E-06   -1.6199083265E-06   -2.6463789514E-01

#
# The IR spectrum
#  wavenumber eps Int TX TY TZ
#
$ir_spectrum
9
      0.00   0.00000000   0.00000000     0.000000     0.000000     0.000000
      0.00   0.00000000   0.00000000     0.000000     0.000000     0.000000
      0.00   0.00000000   0.00000000     0.000000     0.000000     0.000000
      0.00   0.00000000   0.00000000     0.000000     0.000000     0.000000
      0.00   0.00000000   0.00000000     0.000000     0.000000     0.000000
    673.58   0.00600392  30.34132811    -0.000001    -0.028611    -0.044305
    673.59   0.00600393  30.34137668     0.000004     0.044305    -0.028611
   1371.72   0.00000000   0.00000019     0.000002    -0.000001    -0.000002
   2404.47   0.13354780 674.89587096     0.131653    -0.000001    -0.000000

#
# The IR spectrum
#  wavenumber eps Int TX TY TZ
#
$ir_spectrum
9
      0.00   0.00000000   0.00000000     0.000000     0.000000     0.000000
      0.00   0.00000000   0.00000000     0.000000     0.000000     0.000000
      0.00   0.00000000   0.00000000     0.000000     0.000000     0.000000
      0.00   0.00000000   0.00000000     0.000000     0.000000     0.000000
      0.00   0.00000000   0.00000000     0.000000     0.000000     0.000000
    673.58   0.00600392  30.34132811    -0.000001    -0.028611    -0.044305
    673.59   0.00600393  30.34137668     0.000004     0.044305    -0.028611
   1371.72   0.00000000   0.00000019     0.000002    -0.000001    -0.000002
   2404.47   0.13354780 674.89587096     0.131653    -0.000001    -0.000000

$polarizability_derivatives
9
    1.1694134869E-04   -5.9640450800E-05   -6.4426187585E-05    6.3255874151E-04    2.2293815673E-04    1.9955402627E-06
   -4.4974961355E-05   -1.8490223930E-05   -1.1638075215E-05    3.3260400929E-03    1.8922481433E-04    3.2353058332E-06
   -8.1712911992E-07    2.2985558346E-06    1.0311143939E-06    2.9701917060E-05    3.2223045656E-03   -2.4415305350E-06
    1.1765038411E+01    3.4547003689E+00    3.4547015724E+00   -4.6852276130E-04   -2.4219408475E-04   -3.0341454089E-06
    6.0725749762E-06    4.2234495012E-06   -2.3829827001E-07    2.9932216994E+00   -1.4625572496E-05   -3.0337427122E-06
    5.8575377437E-06    1.9348252778E-06    1.4918375868E-06    2.6727614455E-05    2.9932246252E+00    2.2242712061E-06
   -1.1765107935E+01   -3.4546269440E+00   -3.4546291551E+00    4.3090261229E-04    4.6739738058E-06    2.2249448947E-06
   -1.7950868170E-05   -2.9181924432E-06   -1.8081905750E-06   -2.9900946327E+00    1.6747102620E-04   -3.1665197775E-06
    8.7459209652E-06   -2.2742822736E-06   -7.6960228412E-06    1.8403997030E-04   -2.9900970467E+00   -2.8121494035E-07

#
# The Raman spectrum
#  wavenumber Activity Depolarization
#
$raman_spectrum
9
      0.00       0.0000       0.0000
      0.00       0.0000       0.0000
      0.00       0.0000       0.0000
      0.00       0.0000       0.0000
      0.00       0.0000       0.0000
    673.58       0.0000       0.6950
    673.59       0.0000       0.7409
   1371.72      21.8315       0.1026
   2404.47       0.0000       0.6477


$end

