
$orca_hessian_file

$act_atom
  0

$act_coord
  0

$act_energy
        0.000000

$multiplicity
  1

$hessian
9
                    0                  1                  2                  3                  4        
    0      1.3902470891E+00  -1.4016742075E-08  -2.2195135983E-07  -6.9512339985E-01   2.4796994197E-07
    1     -1.4016742075E-08   1.9192345111E-01   1.5805125777E-08   1.5932551543E-07  -9.5961658510E-02
    2     -2.2195135983E-07   1.5805125777E-08   1.9192351314E-01   4.7540741154E-08   1.7890558151E-08
    3     -6.9512339985E-01   1.5932551543E-07   4.7540741154E-08   7.7406753990E-01  -5.9786331598E-07
    4      2.4796994197E-07  -9.5961658510E-02   1.7890558151E-08  -5.9786331598E-07   6.4443141768E-02
    5     -8.0471097070E-08   1.8283521321E-08  -9.5961731050E-02  -2.0118552617E-07  -7.2739246608E-08
    6     -6.9512368924E-01  -8.5953162871E-10   2.9480222245E-07  -7.8944140048E-02   6.3621800139E-07
    7     -3.7840244162E-07  -9.5961792596E-02  -3.3697842757E-08   1.5221317318E-07   3.1518516742E-02
    8      1.8203085314E-07  -3.4086488269E-08  -9.5961782086E-02  -9.3467628629E-08   5.4848985491E-08
                    5                  6                  7                  8        
     0     -8.0471097070E-08  -6.9512368924E-01  -3.7840244162E-07   1.8203085314E-07
     1      1.8283521321E-08  -8.5953162871E-10  -9.5961792596E-02  -3.4086488269E-08
     2     -9.5961731050E-02   2.9480222245E-07  -3.3697842757E-08  -9.5961782086E-02
     3     -2.0118552617E-07  -7.8944140048E-02   1.5221317318E-07  -9.3467628629E-08
     4     -7.2739246608E-08   6.3621800139E-07   3.1518516742E-02   5.4848985491E-08
     5      6.4443246835E-02   5.2876903689E-07   5.4455428254E-08   3.1518484215E-02
     6      5.2876903689E-07   7.7406782929E-01  -2.0458460066E-07  -4.5606724192E-07
     7      5.4455428254E-08  -2.0458460066E-07   6.4443275854E-02  -2.0760041360E-08
     8      3.1518484215E-02  -4.5606724192E-07  -2.0760041360E-08   6.4443297871E-02

$vibrational_frequencies
9
    0        0.0000000000000000
    1        0.0000000000000000
    2        0.0000000000000000
    3        0.0000000000000000
    4        0.0000000000000000
    5      762.0441729227777614
    6      762.0443111379368020
    7     1186.9365008288064018
    8     2050.9833079700238159

$normal_modes
9 9
                    0                  1                  2                  3                  4        
    0      0.0000000000E+00   0.0000000000E+00   0.0000000000E+00   0.0000000000E+00   0.0000000000E+00
    1      0.0000000000E+00   0.0000000000E+00   0.0000000000E+00   0.0000000000E+00   0.0000000000E+00
    2      0.0000000000E+00   0.0000000000E+00   0.0000000000E+00   0.0000000000E+00   0.0000000000E+00
    3      0.0000000000E+00   0.0000000000E+00   0.0000000000E+00   0.0000000000E+00   0.0000000000E+00
    4      0.0000000000E+00   0.0000000000E+00   0.0000000000E+00   0.0000000000E+00   0.0000000000E+00
    5      0.0000000000E+00   0.0000000000E+00   0.0000000000E+00   0.0000000000E+00   0.0000000000E+00
    6      0.0000000000E+00   0.0000000000E+00   0.0000000000E+00   0.0000000000E+00   0.0000000000E+00
    7      0.0000000000E+00   0.0000000000E+00   0.0000000000E+00   0.0000000000E+00   0.0000000000E+00
    8      0.0000000000E+00   0.0000000000E+00   0.0000000000E+00   0.0000000000E+00   0.0000000000E+00
                    5                  6                  7                  8        
     0      2.8149262657E-08  -1.6148712993E-07  -1.6090918097E-07   8.8326227666E-01
     1     -8.5885182777E-01  -2.0621781521E-01   6.6855328143E-07  -1.0331462005E-08
     2      2.0621781521E-01  -8.5885182777E-01  -1.4937753483E-07  -1.6359627194E-07
     3      4.3114650859E-07   6.7607367786E-08   7.0710684159E-01  -3.3154759312E-01
     4      3.2238481478E-01   7.7407406040E-02  -2.5095298029E-07   3.8780920728E-09
     5     -7.7407406040E-02   3.2238481478E-01   5.6071428465E-08   6.1408676315E-08
     6     -4.5227912900E-07   5.3626579220E-08  -7.0710672079E-01  -3.3154780065E-01
     7      3.2238481478E-01   7.7407406040E-02  -2.5095298029E-07   3.8780920728E-09
     8     -7.7407406040E-02   3.2238481478E-01   5.6071428631E-08   6.1408676166E-08

#
# The atoms: label  mass x y z (in bohrs)
#
$atoms
3
 C     12.01100     -0.000000000000     0.000000000000     0.000000000000
 O     15.99900      2.267671360706     0.000000000000     0.000000000000
 O     15.99900     -2.267671360706     0.000000000000     0.000000000000

$actual_temperature
  0.000000

$frequency_scale_factor
  1.000000

$dipole_derivatives
9
    2.3369352724E+00   -4.5601976300E-08    1.2501296592E-07
   -2.5951205298E-06    4.9411574099E-01   -1.5726464440E-08
   -4.4580135554E-06   -1.7488927160E-08    4.9411577976E-01
   -1.1683854020E+00    4.2667285627E-08    6.1246792151E-09
    1.1052176479E-05   -2.4712736008E-01    9.5130820461E-09
    6.7723500778E-07    1.2331451116E-08   -2.4712735494E-01
   -1.1683860634E+00    3.1107744046E-09   -1.2698395340E-07
   -9.2277571248E-06   -2.4712777931E-01    5.7058175209E-09
    2.5030205636E-06    4.7188356378E-09   -2.4712776708E-01

#
# The IR spectrum
#  wavenumber eps Int TX TY TZ
#
$ir_spectrum
9
      0.00   0.00000000   0.00000000     0.000000     0.000000     0.000000
      0.00   0.00000000   0.00000000     0.000000     0.000000     0.000000
      0.00   0.00000000   0.00000000     0.000000     0.000000     0.000000
      0.00   0.00000000   0.00000000     0.000000     0.000000     0.000000
      0.00   0.00000000   0.00000000     0.000000     0.000000     0.000000
    762.04   0.00539405  27.25931926     0.000000    -0.045700     0.010973
    762.04   0.00539405  27.25931992     0.000000    -0.010973    -0.045700
   1186.94   0.00000000   0.00000000    -0.000000     0.000000    -0.000000
   2050.98   0.12063337 609.63162411     0.135480    -0.000000     0.000000

#
# The IR spectrum
#  wavenumber eps Int TX TY TZ
#
$ir_spectrum
9
      0.00   0.00000000   0.00000000     0.000000     0.000000     0.000000
      0.00   0.00000000   0.00000000     0.000000     0.000000     0.000000
      0.00   0.00000000   0.00000000     0.000000     0.000000     0.000000
      0.00   0.00000000   0.00000000     0.000000     0.000000     0.000000
      0.00   0.00000000   0.00000000     0.000000     0.000000     0.000000
    762.04   0.00539405  27.25931926     0.000000    -0.045700     0.010973
    762.04   0.00539405  27.25931992     0.000000    -0.010973    -0.045700
   1186.94   0.00000000   0.00000000    -0.000000     0.000000    -0.000000
   2050.98   0.12063337 609.63162411     0.135480    -0.000000     0.000000


$end

