
$orca_hessian_file

$act_atom
  0

$act_coord
  0

$act_energy
        0.000000

$multiplicity
  1

$hessian
9
                    0                  1                  2                  3                  4        
    0      7.0843869325E+01  -2.1158319269E-07   4.0578620699E-08  -3.5421655916E+01   2.1375115624E-06
    1     -2.1158319269E-07  -1.5671307309E+01  -3.6621939755E-08   1.9266073940E-06   7.8355571001E+00
    2      4.0578620699E-08  -3.6621939755E-08  -1.5671307297E+01   1.8052611068E-07   1.1345176429E-08
    3     -3.5421655916E+01   1.9266073940E-06   1.8052611068E-07   3.5710034981E+01  -2.0049060561E-06
    4      2.1375115624E-06   7.8355571001E+00   1.1345176429E-08  -2.0049060561E-06  -8.7436409591E+00
    5      2.8546054711E-07   1.1318980916E-08   7.8355570939E+00  -2.6523921622E-07  -1.4116228473E-08
    6     -3.5422213409E+01  -1.6216960855E-06  -2.7053632467E-07  -2.8837906570E-01  -2.1402431726E-07
    7     -2.0192564856E-06   7.8357502086E+00   2.5277419524E-08   1.5971747307E-07   9.0808385893E-01
    8     -2.7660757452E-07   2.5302302642E-08   7.8357502036E+00   4.3399038552E-08   2.7761823977E-09
                    5                  6                  7                  8        
     0      2.8546054711E-07  -3.5422213409E+01  -2.0192564856E-06  -2.7660757452E-07
     1      1.1318980916E-08  -1.6216960855E-06   7.8357502086E+00   2.5302302642E-08
     2      7.8355570939E+00  -2.7053632467E-07   2.5277419524E-08   7.8357502036E+00
     3     -2.6523921622E-07  -2.8837906570E-01   1.5971747307E-07   4.3399038552E-08
     4     -1.4116228473E-08  -2.1402431726E-07   9.0808385893E-01   2.7761823977E-09
     5     -8.7436409630E+00   2.1092736090E-08   2.7921172036E-09   9.0808386917E-01
     6      2.1092736090E-08   3.5710592474E+01   1.8476297076E-06   2.4132606228E-07
     7      2.7921172036E-09   1.8476297076E-06  -8.7438340675E+00  -2.8074010884E-08
     8      9.0808386917E-01   2.4132606228E-07  -2.8074010884E-08  -8.7438340727E+00

$vibrational_frequencies
9
    0        0.0000000000000000
    1        0.0000000000000000
    2        0.0000000000000000
    3        0.0000000000000000
    4        0.0000000000000000
    5    -6886.0273389370040604
    6    -6886.0273226549097672
    7     7710.6914553840933877
    8    14640.8828395676391665

$normal_modes
9 9
                    0                  1                  2                  3                  4        
    0      0.0000000000E+00   0.0000000000E+00   0.0000000000E+00   0.0000000000E+00   0.0000000000E+00
    1      0.0000000000E+00   0.0000000000E+00   0.0000000000E+00   0.0000000000E+00   0.0000000000E+00
    2      0.0000000000E+00   0.0000000000E+00   0.0000000000E+00   0.0000000000E+00   0.0000000000E+00
    3      0.0000000000E+00   0.0000000000E+00   0.0000000000E+00   0.0000000000E+00   0.0000000000E+00
    4      0.0000000000E+00   0.0000000000E+00   0.0000000000E+00   0.0000000000E+00   0.0000000000E+00
    5      0.0000000000E+00   0.0000000000E+00   0.0000000000E+00   0.0000000000E+00   0.0000000000E+00
    6      0.0000000000E+00   0.0000000000E+00   0.0000000000E+00   0.0000000000E+00   0.0000000000E+00
    7      0.0000000000E+00   0.0000000000E+00   0.0000000000E+00   0.0000000000E+00   0.0000000000E+00
    8      0.0000000000E+00   0.0000000000E+00   0.0000000000E+00   0.0000000000E+00   0.0000000000E+00
                    5                  6                  7                  8        
     0      1.3701615173E-09  -1.7207718429E-09  -5.5986675211E-06   8.8326227665E-01
     1      6.7047434433E-01  -5.7499252428E-01   5.1372068114E-08  -2.1600372959E-09
     2      5.7499252428E-01   6.7047434433E-01   6.6974157605E-09   4.1429114817E-10
     3     -2.8473699584E-08   1.8933861023E-08   7.0710888273E-01  -3.3154408641E-01
     4     -2.5167352262E-01   2.1583285816E-01  -2.0399652623E-08   1.6263889400E-08
     5     -2.1583285816E-01  -2.5167352262E-01  -3.0427290032E-09   2.1307721870E-09
     6      2.7445072166E-08  -1.7642018411E-08  -7.0710467962E-01  -3.3155130736E-01
     7     -2.5167464600E-01   2.1583382157E-01  -1.8167127175E-08  -1.4642275056E-08
     8     -2.1583382157E-01  -2.5167464600E-01  -1.9852515205E-09  -2.4417948541E-09

#
# The atoms: label  mass x y z (in bohrs)
#
$atoms
3
 C     12.01100     -0.000001845460     0.000000038540     0.000000005702
 O     15.99900      1.137267657195    -0.000000016262    -0.000000002991
 O     15.99900     -1.137266271745    -0.000000012671    -0.000000001290

$actual_temperature
  0.000000

$frequency_scale_factor
  1.000000

$dipole_derivatives
9
    3.3669537444E+00    1.3280586072E-08    1.9486933825E-08
   -4.7741770724E-09    1.2244511462E+00    3.3970323116E-09
    2.4128328159E-08    3.4080620408E-09    1.2244511384E+00
   -1.6834951607E+00   -3.6652531327E-08   -1.5440798574E-08
    3.5100065821E-08   -6.1224570472E-01   -1.9519476031E-09
   -2.3199134377E-09   -2.0195322700E-09   -6.1224569965E-01
   -1.6834883973E+00    2.3295295501E-08   -3.9302760390E-09
   -3.2055553538E-08   -6.1224092595E-01   -1.4666352867E-09
   -1.7716956309E-08   -1.3766996673E-09   -6.1224092322E-01

#
# The IR spectrum
#  wavenumber eps Int TX TY TZ
#
$ir_spectrum
9
      0.00   0.00000000   0.00000000     0.000000     0.000000     0.000000
      0.00   0.00000000   0.00000000     0.000000     0.000000     0.000000
      0.00   0.00000000   0.00000000     0.000000     0.000000     0.000000
      0.00   0.00000000   0.00000000     0.000000     0.000000     0.000000
      0.00   0.00000000   0.00000000     0.000000     0.000000     0.000000
  -6886.03   0.00000000   0.00000000     0.000000     0.000000     0.000000
  -6886.03   0.00000000   0.00000000     0.000000     0.000000     0.000000
   7710.69   0.00000000   0.00000006    -0.000001     0.000000     0.000000
  14640.88   0.25041891 1265.51453052     0.073059     0.000000     0.000000


$end

