
$orca_hessian_file

$act_atom
  0

$act_coord
  0

$act_energy
        0.000000

$multiplicity
  1

$hessian
9
                    0                  1                  2                  3                  4        
    0      7.0843899476E+01  -2.1161970162E-07   4.0110527768E-08  -3.5421670993E+01   2.1377599187E-06
    1     -2.1161970162E-07  -1.5671290547E+01  -3.6643937291E-08   1.9270775275E-06   7.8355487176E+00
    2      4.0110527768E-08  -3.6643937291E-08  -1.5671290536E+01   1.8085102728E-07   1.1306177832E-08
    3     -3.5421670993E+01   1.9270775275E-06   1.8085102728E-07   3.5710048318E+01  -2.0052900230E-06
    4      2.1377599187E-06   7.8355487176E+00   1.1306177832E-08  -2.0052900230E-06  -8.7436384300E+00
    5      2.8566398542E-07   1.1289648450E-08   7.8355487113E+00  -2.6534614125E-07  -1.4084484473E-08
    6     -3.5422228483E+01  -1.6221147831E-06  -2.7034384647E-07  -2.8837732513E-01  -2.1389904165E-07
    7     -2.0194832599E-06   7.8357418296E+00   2.5338413722E-08   1.5964164134E-07   9.0808971233E-01
    8     -2.7639222176E-07   2.5353634578E-08   7.8357418245E+00   4.3207832864E-08   2.7834247470E-09
                    5                  6                  7                  8        
     0      2.8566398542E-07  -3.5422228483E+01  -2.0194832599E-06  -2.7639222176E-07
     1      1.1289648450E-08  -1.6221147831E-06   7.8357418296E+00   2.5353634578E-08
     2      7.8355487113E+00  -2.7034384647E-07   2.5338413722E-08   7.8357418245E+00
     3     -2.6534614125E-07  -2.8837732513E-01   1.5964164134E-07   4.3207832864E-08
     4     -1.4084484473E-08  -2.1389904165E-07   9.0808971233E-01   2.7834247470E-09
     5     -8.7436384340E+00   2.0969436949E-08   2.7897179176E-09   9.0808972261E-01
     6      2.0969436949E-08   3.5710605808E+01   1.8479277216E-06   2.4127939921E-07
     7      2.7897179176E-09   1.8479277216E-06  -8.7438315420E+00  -2.8132595482E-08
     8      9.0808972261E-01   2.4127939921E-07  -2.8132595482E-08  -8.7438315471E+00

$vibrational_frequencies
9
    0        0.0000000000000000
    1        0.0000000000000000
    2        0.0000000000000000
    3        0.0000000000000000
    4        0.0000000000000000
    5    -6886.0236564076603827
    6    -6886.0236401124848271
    7     7710.6926971069797219
    8    14640.8859551406931132

$normal_modes
9 9
                    0                  1                  2                  3                  4        
    0      0.0000000000E+00   0.0000000000E+00   0.0000000000E+00   0.0000000000E+00   0.0000000000E+00
    1      0.0000000000E+00   0.0000000000E+00   0.0000000000E+00   0.0000000000E+00   0.0000000000E+00
    2      0.0000000000E+00   0.0000000000E+00   0.0000000000E+00   0.0000000000E+00   0.0000000000E+00
    3      0.0000000000E+00   0.0000000000E+00   0.0000000000E+00   0.0000000000E+00   0.0000000000E+00
    4      0.0000000000E+00   0.0000000000E+00   0.0000000000E+00   0.0000000000E+00   0.0000000000E+00
    5      0.0000000000E+00   0.0000000000E+00   0.0000000000E+00   0.0000000000E+00   0.0000000000E+00
    6      0.0000000000E+00   0.0000000000E+00   0.0000000000E+00   0.0000000000E+00   0.0000000000E+00
    7      0.0000000000E+00   0.0000000000E+00   0.0000000000E+00   0.0000000000E+00   0.0000000000E+00
    8      0.0000000000E+00   0.0000000000E+00   0.0000000000E+00   0.0000000000E+00   0.0000000000E+00
                    5                  6                  7                  8        
     0      1.3746758781E-09  -1.7164897373E-09  -5.5986360564E-06   8.8326227665E-01
     1      6.7084947407E-01  -5.7455481245E-01   5.1384998038E-08  -2.1604097308E-09
     2      5.7455481245E-01   6.7084947407E-01   6.6993289382E-09   4.0951214063E-10
     3     -2.8494459436E-08   1.8918488639E-08   7.0710888272E-01  -3.3154408643E-01
     4     -2.5181433371E-01   2.1566855587E-01  -2.0404506082E-08   1.6264029196E-08
     5     -2.1566855587E-01  -2.5181433371E-01  -3.0434471777E-09   2.1325660713E-09
     6      2.7462442996E-08  -1.7629860730E-08  -7.0710467963E-01  -3.3155130734E-01
     7     -2.5181545772E-01   2.1566951854E-01  -1.8171980655E-08  -1.4642135258E-08
     8     -2.1566951854E-01  -2.5181545772E-01  -1.9859696788E-09  -2.4400009741E-09

#
# The atoms: label  mass x y z (in bohrs)
#
$atoms
3
 C     12.01100     -0.000001845460     0.000000038540     0.000000005702
 O     15.99900      1.137267657195    -0.000000016262    -0.000000002991
 O     15.99900     -1.137266271745    -0.000000012671    -0.000000001290

$actual_temperature
  0.000000

$frequency_scale_factor
  1.000000

$dipole_derivatives
9
    3.3669552936E+00    1.3234292855E-08    1.8602786068E-08
   -4.6015308912E-09    1.2244517468E+00    3.4111334138E-09
    2.4402432290E-08    3.4221887513E-09    1.2244517390E+00
   -1.6834959338E+00   -3.6652292550E-08   -1.4965569885E-08
    3.4662748752E-08   -6.1224600636E-01   -1.9979678498E-09
   -2.6091597966E-09   -2.0087213397E-09   -6.1224600125E-01
   -1.6834891731E+00    2.3341333510E-08   -3.5198639090E-09
   -3.1828181249E-08   -6.1224122528E-01   -1.4347576035E-09
   -1.7828233366E-08   -1.4016788457E-09   -6.1224122255E-01

#
# The IR spectrum
#  wavenumber eps Int TX TY TZ
#
$ir_spectrum
9
      0.00   0.00000000   0.00000000     0.000000     0.000000     0.000000
      0.00   0.00000000   0.00000000     0.000000     0.000000     0.000000
      0.00   0.00000000   0.00000000     0.000000     0.000000     0.000000
      0.00   0.00000000   0.00000000     0.000000     0.000000     0.000000
      0.00   0.00000000   0.00000000     0.000000     0.000000     0.000000
  -6886.02   0.00000000   0.00000000     0.000000     0.000000     0.000000
  -6886.02   0.00000000   0.00000000     0.000000     0.000000     0.000000
   7710.69   0.00000000   0.00000006    -0.000001     0.000000     0.000000
  14640.89   0.25041914 1265.51569500     0.073059     0.000000     0.000000


$end

