*************************************************
******************* ORCA 6.0.1 ******************
*************************************************
$Calculation_Status
   &GeometryIndex 1
   &ListStatus       OUT
   &VERSION [&Type "String"] "6.0.1"
   &PROGNAME [&Type "String"] "LeanSCF"
   &STATUS [&Type "String"] "NORMAL TERMINATION"
$End
$Geometry
   &GeometryIndex 1
   &ListStatus       OUT
   &NATOMS [&Type "Integer"] 3
   &NCORELESSECP [&Type "Integer"] 0
   &NGHOSTATOMS [&Type "Integer"] 0
   &CartesianCoordinates [&Type "Coordinates", &Dim(3,4), &Units "Bohr"] 
              C     -0.000001566016    0.000000034582    0.000000004535
              O      1.137267936640   -0.000000020220   -0.000000004157
              O     -1.137265992300   -0.000000016630   -0.000000002457
$End
$SCF_Energy
   &GeometryIndex 1
   &ListStatus       OUT
   &SCF_ENERGY [&Type "Double"]      -1.8222267240994586e+02
$End
$DFT_Energy
   &GeometryIndex 1
   &ListStatus       OUT
   &NALPHAEL [&Type "Integer"] 11
   &NBETAEL [&Type "Integer"] 11
   &NTOTALEL [&Type "Integer"] 22
   &EEXCHANGE [&Type "Double"]      -1.8911313325221389e+01
   &ECORR [&Type "Double"]      -1.0041050202445627e+00
   &ECNL [&Type "Double"]       0.0000000000000000e+00
   &EXC [&Type "Double"]      -1.9915418345465952e+01
   &EEMBED [&Type "Double"]       0.0000000000000000e+00
   &FINALEN [&Type "Double"]      -1.8222267240994586e+02  "No Van der Waals correction"
$End
$Mulliken_Population_Analysis
   &GeometryIndex 1
   &ListStatus       OUT
   &NATOMS [&Type "Integer"] 3
   &ATNO [&Type "ArrayOfIntegers", &Dim (3,1)] 
                                                         0

0                                                        6
1                                                        8
2                                                        8
   &ATOMICCHARGES [&Type "ArrayOfDoubles", &Dim (3,1)] 
                                                         0

0                                      1.2864637157753211e-01
1                                     -6.4330449306416071e-02
2                                     -6.4315922271127590e-02
$End
$Loewdin_Population_Analysis
   &GeometryIndex 1
   &ListStatus       OUT
   &NATOMS [&Type "Integer"] 3
   &ATNO [&Type "ArrayOfIntegers", &Dim (3,1)] 
                                                         0

0                                                        6
1                                                        8
2                                                        8
   &ATOMICCHARGES [&Type "ArrayOfDoubles", &Dim (3,1)] 
                                                         0

0                                     -8.3718844659531477e-01
1                                      4.1859213045689003e-01
2                                      4.1859631613840076e-01
$End
$Mayer_Population_Analysis
   &GeometryIndex 1
   &ListStatus       OUT
   &NATOMS [&Type "Integer"] 3 "Total number of atoms"
   &BONDTHRESH [&Type "Double"]       1.0000000000000001e-01  "The threshold for printing"
   &NBONDORDERSPRINT [&Type "Integer"] 3 "The number of bond orders larger than threshold"
   &BONDORDERS [&Type "ArrayOfDoubles", &Dim (3,1)] "The bond orders"
                                                         0

0                                      1.7470315869452910e+00
1                                      1.7470420170981338e+00
2                                      1.4594132950302909e+00
   &COMPONENTS [&Type "ArrayOfIntegers", &Dim (3,4)] "The indices and atomic numbers of the bonding atoms"
                                                         0                           1                           2                           3

0                                                        0                           6                           1                           8
1                                                        0                           6                           2                           8
2                                                        1                           8                           2                           8
   &ATNO [&Type "ArrayOfIntegers", &Dim (3,1)] "Atomic number of the elements"
                                                         0

0                                                        6
1                                                        8
2                                                        8
   &NA [&Type "ArrayOfDoubles", &Dim (3,1)] "Mulliken gross atomic population"
                                                         0

0                                      5.8713536284224626e+00
1                                      8.0643304493064090e+00
2                                      8.0643159222711311e+00
   &ZA [&Type "ArrayOfDoubles", &Dim (3,1)] "Total nuclear charge"
                                                         0

0                                      6.0000000000000000e+00
1                                      8.0000000000000000e+00
2                                      8.0000000000000000e+00
   &QA [&Type "ArrayOfDoubles", &Dim (3,1)] "Mulliken gross atomic charge"
                                                         0

0                                      1.2864637157753744e-01
1                                     -6.4330449306408966e-02
2                                     -6.4315922271131143e-02
   &VA [&Type "ArrayOfDoubles", &Dim (3,1)] "Mayer's total valence"
                                                         0

0                                      3.4940736040434213e+00
1                                      3.2064448819755640e+00
2                                      3.2064553121284232e+00
   &BVA [&Type "ArrayOfDoubles", &Dim (3,1)] "Mayer's bonded valence"
                                                         0

0                                      3.4940736040434248e+00
1                                      3.2064448819755818e+00
2                                      3.2064553121284245e+00
   &FA [&Type "ArrayOfDoubles", &Dim (3,1)] "Mayer's free valence"
                                                         0

0                                      0.0000000000000000e+00
1                                      0.0000000000000000e+00
2                                      0.0000000000000000e+00
$End
$Calculation_Info
   &GeometryIndex 1
   &ListStatus       OUT
   &MULT [&Type "Integer"] 1
   &CHARGE [&Type "Integer"] 0
   &NUMOFATOMS [&Type "Integer"] 3
   &NUMOFELECTRONS [&Type "Integer"] 22
   &NUMOFFCELECTRONS [&Type "Integer"] 1
   &NUMOFCORRELECTRONS [&Type "Integer"] 0
   &NUMOFBASISFUNCTS [&Type "Integer"] 42
   &NUMOFAUXCBASISFUNCTS [&Type "Integer"] 0
   &NUMOFAUXJBASISFUNCTS [&Type "Integer"] 147
   &NUMOFAUXJKBASISFUNCTS [&Type "Integer"] 0
   &NUMOFCABSBASISFUNCTS [&Type "Integer"] 0
   &TOTALENERGY [&Type "Double"]      -1.8222267240994586e+02  "Hartrees"
$End
$SCF_Dipole_Moment
   &GeometryIndex 1
   &ListStatus       OUT
   &METHOD [&Type "String"] "SCF"
   &LEVEL [&Type "String"] "Relaxed density"
   &MULT [&Type "Integer"] 1
   &STATE [&Type "Integer"] -1
   &IRREP [&Type "Integer"] 0
   &NATOMS [&Type "Integer"] 3
   &DODIPOLEATOM [&Type "Boolean"] false
   &DIPOLEELECCONTRIB [&Type "ArrayOfDoubles", &Dim (3,1)] "Electronic contribution"
                                                         0

0                                     -8.5574169668006794e-06
1                                      5.7058422853606124e-08
2                                      8.0505839015825588e-09
   &DIPOLENUCCONTRIB [&Type "ArrayOfDoubles", &Dim (3,1)] "Nuclear contribution"
                                                         0

0                                      1.0842652997666846e-08
1                                     -2.2648738716180421e-10
2                                     -3.3535421329023788e-11
   &DIPOLETOTAL [&Type "ArrayOfDoubles", &Dim (3,1)] "Total"
                                                         0

0                                     -8.5465743138030126e-06
1                                      5.6831935466444320e-08
2                                      8.0170484802535350e-09
   &DIPOLEMAGNITUDE [&Type "Double", &Units "a.u."]       8.5467670287256932e-06
$End
$SCF_Polarizability
   &GeometryIndex 1
   &ListStatus       OUT
   &METHOD [&Type "String"] "SCF"
   &LEVEL [&Type "String"] "Relaxed density"
   &MULT [&Type "Integer"] 1
   &STATE [&Type "Integer"] -1
   &IRREP [&Type "Integer"] 0
   &NATOMS [&Type "Integer"] 3
   &DODIPOLEATOM [&Type "Boolean"] false
   &RAWCARTESIAN [&Type "ArrayOfDoubles", &Units "a.u", &Dim (3,3)] 
                                                         0                           1                           2

0                                      8.4252813290012050e+00         5.7402314830727403e-09        -4.6409130441265970e-09
1                                      5.7402314830727403e-09         4.1261710096979591e+00         6.5171345472156791e-09
2                                     -4.6409130441265970e-09         6.5171345472156791e-09         4.1261709965117355e+00
   &DIAGONALIZEDTENSOR [&Type "ArrayOfDoubles", &Dim (3,1)] 
                                                         0

0                                      4.1261709938343474e+00
1                                      4.1261710123753454e+00
2                                      8.4252813290012050e+00
   &ORIENTATION [&Type "ArrayOfDoubles", &Dim (3,3)] 
                                                         0                           1                           2

0                                      1.5059135803454185e-09         8.2483508030627295e-10         1.0000000000000000e+00
1                                     -3.8000482806575447e-01        -9.2498450292246315e-01         1.3352140504352406e-09
2                                      9.2498450292246326e-01        -3.8000482806575453e-01        -1.0795054463309338e-09
   &ISOTROPICPOLAR [&Type "Double"]       5.5592077784036320e+00
$End
$THERMOCHEMISTRY_Energies
   &GeometryIndex 1
   &ListStatus       OUT
   &TEMPERATURE [&Type "Double"]       2.9814999999999998e+02
   &PRESSURE [&Type "Double"]       1.0000000000000000e+00
   &TOTALMASS [&Type "Double"]       4.4009000000000000e+01
   &SPINDEGENERACY [&Type "Integer"] 1
   &ELENERGY [&Type "Double"]      -1.8222267240994586e+02
   &TRANSENERGY [&Type "Double"]       1.4162714244859817e-03
   &ROTENERGY [&Type "Double"]       9.4418094965732118e-04
   &VIBENERGY [&Type "Double"]       2.4339513334701669e-18
   &NUMOFFREQS [&Type "Integer"] 9
   &FREQSCALINGFACTOR [&Type "Double"]       1.0000000000000000e+00
   &FREQ [&Type "ArrayOfDoubles", &Dim (9,1)] "In cm^-1"
                                                         0

0                                      0.0000000000000000e+00
1                                      0.0000000000000000e+00
2                                      0.0000000000000000e+00
3                                      0.0000000000000000e+00
4                                      0.0000000000000000e+00
5                                     -6.8860273389370041e+03
6                                     -6.8860273226549098e+03
7                                      7.7106914553840934e+03
8                                      1.4640882839567639e+04
   &ZPE [&Type "Double"]       5.0920633027960550e-02
   &INNERENERGYU [&Type "Double"]      -1.8216939132454374e+02
   &ENTHALPYH [&Type "Double"]      -1.8216844711550149e+02
   &QEL [&Type "Double"]       0.0000000000000000e+00
   &QROT [&Type "Double"]       5.6264416056210206e-03
   &QVIB [&Type "Double"]      -2.1828360293949805e-11
   &QTRANS [&Type "Double"]       1.7708800485862652e-02
   &ENTROPYS [&Type "Double"]       2.3335242069655315e-02
   &FREEENERGYG [&Type "Double"]      -1.8219178235757116e+02
   &ISLINEAR [&Type "Boolean"] true
$End
$Hessian
   &GeometryIndex 1
   &ListStatus       OUT
   &HESSIAN [&Type "ArrayOfDoubles", &Dim (9,9)] "The Hessian"
                                                         0                           1                           2                           3                           4                           5                           6                           7

0                                      7.0843869324519687e+01        -2.1158319269234549e-07         4.0578620699015177e-08        -3.5421655915752581e+01         2.1375115624070951e-06         2.8546054711344015e-07        -3.5422213408767107e+01        -2.0192564855905445e-06
1                                     -2.1158319269234549e-07        -1.5671307308713123e+01        -3.6621939755372944e-08         1.9266073940357048e-06         7.8355571001308650e+00         1.1318980915945477e-08        -1.6216960854675645e-06         7.8357502085822581e+00
2                                      4.0578620699015177e-08        -3.6621939755372944e-08        -1.5671307297416561e+01         1.8052611068163826e-07         1.1345176429067291e-08         7.8355570938575880e+00        -2.7053632467179744e-07         2.5277419523960261e-08
3                                     -3.5421655915752581e+01         1.9266073940357048e-06         1.8052611068163826e-07         3.5710034981455955e+01        -2.0049060561246731e-06        -2.6523921621867513e-07        -2.8837906570337729e-01         1.5971747306553779e-07
4                                      2.1375115624070951e-06         7.8355571001308650e+00         1.1345176429067291e-08        -2.0049060561246731e-06        -8.7436409590585065e+00        -1.4116228473200963e-08        -2.1402431725899146e-07         9.0808385892764099e-01
5                                      2.8546054711344015e-07         1.1318980915945477e-08         7.8355570938575880e+00        -2.6523921621867513e-07        -1.4116228473200963e-08        -8.7436409630288967e+00         2.1092736090187278e-08         2.7921172036452286e-09
6                                     -3.5422213408767107e+01        -1.6216960854675645e-06        -2.7053632467179744e-07        -2.8837906570337729e-01        -2.1402431725899146e-07         2.1092736090187278e-08         3.5710592474470481e+01         1.8476297076257814e-06
7                                     -2.0192564855905445e-06         7.8357502085822581e+00         2.5277419523960261e-08         1.5971747306553779e-07         9.0808385892764099e-01         2.7921172036452286e-09         1.8476297076257814e-06        -8.7438340675098996e+00
8                                     -2.7660757452131133e-07         2.5302302641772860e-08         7.8357502035589723e+00         4.3399038552084583e-08         2.7761823977439316e-09         9.0808386917130846e-01         2.4132606227541849e-07        -2.8074010883561141e-08
                                                         8

0                                     -2.7660757452131133e-07
1                                      2.5302302641772860e-08
2                                      7.8357502035589723e+00
3                                      4.3399038552084583e-08
4                                      2.7761823977439316e-09
5                                      9.0808386917130846e-01
6                                      2.4132606227541849e-07
7                                     -2.8074010883561141e-08
8                                     -8.7438340727302801e+00
   &MODES [&Type "ArrayOfDoubles", &Dim (9,9)] "The modes of vibrations"
                                                         0                           1                           2                           3                           4                           5                           6                           7

0                                      0.0000000000000000e+00         0.0000000000000000e+00         0.0000000000000000e+00         0.0000000000000000e+00         0.0000000000000000e+00         3.8166573033182173e-10        -4.7933008909626581e-10        -1.3997106219086095e-06
1                                      0.0000000000000000e+00         0.0000000000000000e+00         0.0000000000000000e+00         0.0000000000000000e+00         0.0000000000000000e+00         1.8676417127931419e-01        -1.6016720579476174e-01         1.2843418391603547e-08
2                                      0.0000000000000000e+00         0.0000000000000000e+00         0.0000000000000000e+00         0.0000000000000000e+00         0.0000000000000000e+00         1.6016720579476193e-01         1.8676417127931452e-01         1.6744062661456725e-09
3                                      0.0000000000000000e+00         0.0000000000000000e+00         0.0000000000000000e+00         0.0000000000000000e+00         0.0000000000000000e+00        -7.9314994690043964e-09         5.2741270311767298e-09         1.7678274522993917e-01
4                                      0.0000000000000000e+00         0.0000000000000000e+00         0.0000000000000000e+00         0.0000000000000000e+00         0.0000000000000000e+00        -7.0104989522529956e-02         6.0121383063895660e-02        -5.1000725354588664e-09
5                                      0.0000000000000000e+00         0.0000000000000000e+00         0.0000000000000000e+00         0.0000000000000000e+00         0.0000000000000000e+00        -6.0121383063895750e-02        -7.0104989522530095e-02        -7.6070602324151362e-10
6                                      0.0000000000000000e+00         0.0000000000000000e+00         0.0000000000000000e+00         0.0000000000000000e+00         0.0000000000000000e+00         7.6449698668091516e-09        -4.9142774455241573e-09        -1.7678169441899602e-01
7                                      0.0000000000000000e+00         0.0000000000000000e+00         0.0000000000000000e+00         0.0000000000000000e+00         0.0000000000000000e+00        -7.0105302447958359e-02         6.0121651425815138e-02        -4.5419237310382244e-09
8                                      0.0000000000000000e+00         0.0000000000000000e+00         0.0000000000000000e+00         0.0000000000000000e+00         0.0000000000000000e+00        -6.0121651425815201e-02        -7.0105302447958470e-02        -4.9632839063665532e-10
                                                         8

0                                      2.4603737416066243e-01
1                                     -6.0168980201364191e-10
2                                      1.1540298836161063e-10
3                                     -9.2353357088368546e-02
4                                      4.5303923277274068e-09
5                                      5.9353785131087307e-10
6                                     -9.2355368522214307e-02
7                                     -4.0786830838665572e-09
8                                     -6.8017485862724381e-10
$End
