*************************************************
******************* ORCA 6.0.1 ******************
*************************************************
$Calculation_Status
   &GeometryIndex 1
   &ListStatus       OUT
   &VERSION [&Type "String"] "6.0.1"
   &PROGNAME [&Type "String"] "LeanSCF"
   &STATUS [&Type "String"] "NORMAL TERMINATION"
$End
$Geometry
   &GeometryIndex 1
   &ListStatus       OUT
   &NATOMS [&Type "Integer"] 3
   &NCORELESSECP [&Type "Integer"] 0
   &NGHOSTATOMS [&Type "Integer"] 0
   &CartesianCoordinates [&Type "Coordinates", &Dim(3,4), &Units "Bohr"] 
              C     -0.000001566016    0.000000034582    0.000000004535
              O      1.137267936640   -0.000000020220   -0.000000004157
              O     -1.137265992300   -0.000000016630   -0.000000002457
$End
$SCF_Energy
   &GeometryIndex 1
   &ListStatus       OUT
   &SCF_ENERGY [&Type "Double"]      -1.8222267240996533e+02
$End
$DFT_Energy
   &GeometryIndex 1
   &ListStatus       OUT
   &NALPHAEL [&Type "Integer"] 11
   &NBETAEL [&Type "Integer"] 11
   &NTOTALEL [&Type "Integer"] 22
   &EEXCHANGE [&Type "Double"]      -1.8911315586610730e+01
   &ECORR [&Type "Double"]      -1.0041050796577538e+00
   &ECNL [&Type "Double"]       0.0000000000000000e+00
   &EXC [&Type "Double"]      -1.9915420666268485e+01
   &EEMBED [&Type "Double"]       0.0000000000000000e+00
   &FINALEN [&Type "Double"]      -1.8222267240996533e+02  "No Van der Waals correction"
$End
$Mulliken_Population_Analysis
   &GeometryIndex 1
   &ListStatus       OUT
   &NATOMS [&Type "Integer"] 3
   &ATNO [&Type "ArrayOfIntegers", &Dim (3,1)] 
                                                         0

0                                                        6
1                                                        8
2                                                        8
   &ATOMICCHARGES [&Type "ArrayOfDoubles", &Dim (3,1)] 
                                                         0

0                                      3.7155307038791158e-01
1                                      3.1421706847157116e-01
2                                      3.1422986114050905e-01
$End
$Loewdin_Population_Analysis
   &GeometryIndex 1
   &ListStatus       OUT
   &NATOMS [&Type "Integer"] 3
   &ATNO [&Type "ArrayOfIntegers", &Dim (3,1)] 
                                                         0

0                                                        6
1                                                        8
2                                                        8
   &ATOMICCHARGES [&Type "ArrayOfDoubles", &Dim (3,1)] 
                                                         0

0                                      4.0971624872642209e-01
1                                      2.9513806890808342e-01
2                                      2.9514568236551614e-01
$End
$Mayer_Population_Analysis
   &GeometryIndex 1
   &ListStatus       OUT
   &NATOMS [&Type "Integer"] 3 "Total number of atoms"
   &BONDTHRESH [&Type "Double"]       1.0000000000000001e-01  "The threshold for printing"
   &NBONDORDERSPRINT [&Type "Integer"] 3 "The number of bond orders larger than threshold"
   &BONDORDERS [&Type "ArrayOfDoubles", &Dim (3,1)] "The bond orders"
                                                         0

0                                      1.7470335245140054e+00
1                                      1.7470439544646719e+00
2                                      1.4594129325077720e+00
   &COMPONENTS [&Type "ArrayOfIntegers", &Dim (3,4)] "The indices and atomic numbers of the bonding atoms"
                                                         0                           1                           2                           3

0                                                        0                           6                           1                           8
1                                                        0                           6                           2                           8
2                                                        1                           8                           2                           8
   &ATNO [&Type "ArrayOfIntegers", &Dim (3,1)] "Atomic number of the elements"
                                                         0

0                                                        6
1                                                        8
2                                                        8
   &NA [&Type "ArrayOfDoubles", &Dim (3,1)] "Mulliken gross atomic population"
                                                         0

0                                      5.8713572965209426e+00
1                                      8.0643286156582068e+00
2                                      8.0643140878208719e+00
   &ZA [&Type "ArrayOfDoubles", &Dim (3,1)] "Total nuclear charge"
                                                         0

0                                      6.0000000000000000e+00
1                                      8.0000000000000000e+00
2                                      8.0000000000000000e+00
   &QA [&Type "ArrayOfDoubles", &Dim (3,1)] "Mulliken gross atomic charge"
                                                         0

0                                      1.2864270347905737e-01
1                                     -6.4328615658206800e-02
2                                     -6.4314087820871890e-02
   &VA [&Type "ArrayOfDoubles", &Dim (3,1)] "Mayer's total valence"
                                                         0

0                                      3.4940774789786535e+00
1                                      3.2064464570217881e+00
2                                      3.2064568869724579e+00
   &BVA [&Type "ArrayOfDoubles", &Dim (3,1)] "Mayer's bonded valence"
                                                         0

0                                      3.4940774789786770e+00
1                                      3.2064464570217774e+00
2                                      3.2064568869724441e+00
   &FA [&Type "ArrayOfDoubles", &Dim (3,1)] "Mayer's free valence"
                                                         0

0                                      0.0000000000000000e+00
1                                      0.0000000000000000e+00
2                                      0.0000000000000000e+00
$End
$Calculation_Info
   &GeometryIndex 1
   &ListStatus       OUT
   &MULT [&Type "Integer"] 1
   &CHARGE [&Type "Integer"] 0
   &NUMOFATOMS [&Type "Integer"] 3
   &NUMOFELECTRONS [&Type "Integer"] 22
   &NUMOFFCELECTRONS [&Type "Integer"] 1
   &NUMOFCORRELECTRONS [&Type "Integer"] 0
   &NUMOFBASISFUNCTS [&Type "Integer"] 42
   &NUMOFAUXCBASISFUNCTS [&Type "Integer"] 0
   &NUMOFAUXJBASISFUNCTS [&Type "Integer"] 147
   &NUMOFAUXJKBASISFUNCTS [&Type "Integer"] 0
   &NUMOFCABSBASISFUNCTS [&Type "Integer"] 0
   &TOTALENERGY [&Type "Double"]      -1.8222267240996533e+02  "Hartrees"
$End
$SCF_Dipole_Moment
   &GeometryIndex 1
   &ListStatus       OUT
   &METHOD [&Type "String"] "SCF"
   &LEVEL [&Type "String"] "Relaxed density"
   &MULT [&Type "Integer"] 1
   &STATE [&Type "Integer"] -1
   &IRREP [&Type "Integer"] 0
   &NATOMS [&Type "Integer"] 3
   &DODIPOLEATOM [&Type "Boolean"] false
   &DIPOLEELECCONTRIB [&Type "ArrayOfDoubles", &Dim (3,1)] "Electronic contribution"
                                                         0

0                                     -8.5589112494427466e-06
1                                      5.7638318563812379e-08
2                                      8.2481558830433075e-09
   &DIPOLENUCCONTRIB [&Type "ArrayOfDoubles", &Dim (3,1)] "Nuclear contribution"
                                                         0

0                                      1.0842652997666846e-08
1                                     -2.2648738716180421e-10
2                                     -3.3535421329023788e-11
   &DIPOLETOTAL [&Type "ArrayOfDoubles", &Dim (3,1)] "Total"
                                                         0

0                                     -8.5480685964450798e-06
1                                      5.7411831176650575e-08
2                                      8.2146204617142837e-09
   &DIPOLEMAGNITUDE [&Type "Double", &Units "a.u."]       8.5482653402827252e-06
$End
$SCF_Polarizability
   &GeometryIndex 1
   &ListStatus       OUT
   &METHOD [&Type "String"] "SCF"
   &LEVEL [&Type "String"] "Relaxed density"
   &MULT [&Type "Integer"] 1
   &STATE [&Type "Integer"] -1
   &IRREP [&Type "Integer"] 0
   &NATOMS [&Type "Integer"] 3
   &DODIPOLEATOM [&Type "Boolean"] false
   &RAWCARTESIAN [&Type "ArrayOfDoubles", &Units "a.u", &Dim (3,3)] 
                                                         0                           1                           2

0                                      8.4252920282717145e+00         5.5659469669737425e-09        -5.5276773103432670e-09
1                                      5.5659469669737425e-09         4.1261771585692220e+00         6.5143346254904346e-09
2                                     -5.5276773103432670e-09         6.5143346254904346e-09         4.1261771453915053e+00
   &DIAGONALIZEDTENSOR [&Type "ArrayOfDoubles", &Dim (3,1)] 
                                                         0

0                                      4.1261771427148579e+00
1                                      4.1261771612458720e+00
2                                      8.4252920282717145e+00
   &ORIENTATION [&Type "ArrayOfDoubles", &Dim (3,3)] 
                                                         0                           1                           2

0                                      1.6813383127144124e-09         7.0886243823844297e-10         1.0000000000000000e+00
1                                     -3.8005461278993657e-01        -9.2496404865113080e-01         1.2946724803342136e-09
2                                      9.2496404865113080e-01        -3.8005461278993646e-01        -1.2857710091759546e-09
   &ISOTROPICPOLAR [&Type "Double"]       5.5592154440774806e+00
$End
$THERMOCHEMISTRY_Energies
   &GeometryIndex 1
   &ListStatus       OUT
   &TEMPERATURE [&Type "Double"]       2.9814999999999998e+02
   &PRESSURE [&Type "Double"]       1.0000000000000000e+00
   &TOTALMASS [&Type "Double"]       4.4009000000000000e+01
   &SPINDEGENERACY [&Type "Integer"] 1
   &ELENERGY [&Type "Double"]      -1.8222267240996533e+02
   &TRANSENERGY [&Type "Double"]       1.4162714244859817e-03
   &ROTENERGY [&Type "Double"]       9.4418094965732118e-04
   &VIBENERGY [&Type "Double"]       2.4339371412230967e-18
   &NUMOFFREQS [&Type "Integer"] 9
   &FREQSCALINGFACTOR [&Type "Double"]       1.0000000000000000e+00
   &FREQ [&Type "ArrayOfDoubles", &Dim (9,1)] "In cm^-1"
                                                         0

0                                      0.0000000000000000e+00
1                                      0.0000000000000000e+00
2                                      0.0000000000000000e+00
3                                      0.0000000000000000e+00
4                                      0.0000000000000000e+00
5                                     -6.8860236564076604e+03
6                                     -6.8860236401124848e+03
7                                      7.7106926971069797e+03
8                                      1.4640885955140693e+04
   &ZPE [&Type "Double"]       5.0920642954611114e-02
   &INNERENERGYU [&Type "Double"]      -1.8216939131463656e+02
   &ENTHALPYH [&Type "Double"]      -1.8216844710559431e+02
   &QEL [&Type "Double"]       0.0000000000000000e+00
   &QROT [&Type "Double"]       5.6264416056210206e-03
   &QVIB [&Type "Double"]      -2.1828347820688921e-11
   &QTRANS [&Type "Double"]       1.7708800485862652e-02
   &ENTROPYS [&Type "Double"]       2.3335242069655326e-02
   &FREEENERGYG [&Type "Double"]      -1.8219178234766397e+02
   &ISLINEAR [&Type "Boolean"] true
$End
$Hessian
   &GeometryIndex 1
   &ListStatus       OUT
   &HESSIAN [&Type "ArrayOfDoubles", &Dim (9,9)] "The Hessian"
                                                         0                           1                           2                           3                           4                           5                           6                           7

0                                      7.0843899475607742e+01        -2.1161970161626804e-07         4.0110527767823468e-08        -3.5421670992733468e+01         2.1377599186644814e-06         2.8566398541614886e-07        -3.5422228482874267e+01        -2.0194832598825984e-06
1                                     -2.1161970161626804e-07        -1.5671290547247315e+01        -3.6643937291097447e-08         1.9270775275463016e-06         7.8355487176164456e+00         1.1289648450426764e-08        -1.6221147830956485e-06         7.8357418296308694e+00
2                                      4.0110527767823468e-08        -3.6643937291097447e-08        -1.5671290535846005e+01         1.8085102727876823e-07         1.1306177831625096e-08         7.8355487113419979e+00        -2.7034384647171508e-07         2.5338413721699875e-08
3                                     -3.5421670992733468e+01         1.9270775275463016e-06         1.8085102727876823e-07         3.5710048317862707e+01        -2.0052900229534039e-06        -2.6534614125403313e-07        -2.8837732512923886e-01         1.5964164134383290e-07
4                                      2.1377599186644814e-06         7.8355487176164456e+00         1.1306177831625096e-08        -2.0052900229534039e-06        -8.7436384299510426e+00        -1.4084484473337125e-08        -2.1389904164780867e-07         9.0808971233459745e-01
5                                      2.8566398541614886e-07         1.1289648450426764e-08         7.8355487113419979e+00        -2.6534614125403313e-07        -1.4084484473337125e-08        -8.7436384339552848e+00         2.0969436949135434e-08         2.7897179175938792e-09
6                                     -3.5422228482874267e+01        -1.6221147830956485e-06        -2.7034384647171508e-07        -2.8837732512923886e-01        -2.1389904164780867e-07         2.0969436949135434e-08         3.5710605808003507e+01         1.8479277216411114e-06
7                                     -2.0194832598825984e-06         7.8357418296308694e+00         2.5338413721699875e-08         1.5964164134383290e-07         9.0808971233459745e-01         2.7897179175938792e-09         1.8479277216411114e-06        -8.7438315419654664e+00
8                                     -2.7639222175884894e-07         2.5353634578443166e-08         7.8357418245040078e+00         4.3207832864013799e-08         2.7834247470285110e-09         9.0808972261328624e-01         2.4127939920870737e-07        -2.8132595482382714e-08
                                                         8

0                                     -2.7639222175884894e-07
1                                      2.5353634578443166e-08
2                                      7.8357418245040078e+00
3                                      4.3207832864013799e-08
4                                      2.7834247470285110e-09
5                                      9.0808972261328624e-01
6                                      2.4127939920870737e-07
7                                     -2.8132595482382714e-08
8                                     -8.7438315471172938e+00
   &MODES [&Type "ArrayOfDoubles", &Dim (9,9)] "The modes of vibrations"
                                                         0                           1                           2                           3                           4                           5                           6                           7

0                                      0.0000000000000000e+00         0.0000000000000000e+00         0.0000000000000000e+00         0.0000000000000000e+00         0.0000000000000000e+00         3.8292322937526809e-10        -4.7813728595227593e-10        -1.3997027554944653e-06
1                                      0.0000000000000000e+00         0.0000000000000000e+00         0.0000000000000000e+00         0.0000000000000000e+00         0.0000000000000000e+00         1.8686866565150287e-01        -1.6004527885375863e-01         1.2846650973573716e-08
2                                      0.0000000000000000e+00         0.0000000000000000e+00         0.0000000000000000e+00         0.0000000000000000e+00         0.0000000000000000e+00         1.6004527885375883e-01         1.8686866565150323e-01         1.6748845755106214e-09
3                                      0.0000000000000000e+00         0.0000000000000000e+00         0.0000000000000000e+00         0.0000000000000000e+00         0.0000000000000000e+00        -7.9372822356441713e-09         5.2698449722300277e-09         1.7678274522698642e-01
4                                      0.0000000000000000e+00         0.0000000000000000e+00         0.0000000000000000e+00         0.0000000000000000e+00         0.0000000000000000e+00        -7.0144213195985475e-02         6.0075615790317519e-02        -5.1012859381307910e-09
5                                      0.0000000000000000e+00         0.0000000000000000e+00         0.0000000000000000e+00         0.0000000000000000e+00         0.0000000000000000e+00        -6.0075615790317595e-02        -7.0144213195985614e-02        -7.6088557246577935e-10
6                                      0.0000000000000000e+00         0.0000000000000000e+00         0.0000000000000000e+00         0.0000000000000000e+00         0.0000000000000000e+00         7.6498086032133560e-09        -4.9108908595107639e-09        -1.7678169442194877e-01
7                                      0.0000000000000000e+00         0.0000000000000000e+00         0.0000000000000000e+00         0.0000000000000000e+00         0.0000000000000000e+00        -7.0144526296495355e-02         6.0075883947947058e-02        -4.5431371391135955e-09
8                                      0.0000000000000000e+00         0.0000000000000000e+00         0.0000000000000000e+00         0.0000000000000000e+00         0.0000000000000000e+00        -6.0075883947947113e-02        -7.0144526296495480e-02        -4.9650793582445792e-10
                                                         8

0                                      2.4603737416066243e-01
1                                     -6.0179354574374241e-10
2                                      1.1407177056227411e-10
3                                     -9.2353357094020719e-02
4                                      4.5304312687186456e-09
5                                      5.9403754724987220e-10
6                                     -9.2355368516562189e-02
7                                     -4.0786441425409356e-09
8                                     -6.7967516387359998e-10
$End
