
$orca_hessian_file

$act_atom
  0

$act_coord
  0

$act_energy
        0.000000

$multiplicity
  1

$hessian
9
                    0                  1                  2                  3                  4        
    0      7.0843731460E+01  -2.1142685008E-07   4.2974044242E-08  -3.5421586972E+01   2.1370223877E-06
    1     -2.1142685008E-07  -1.5671408894E+01  -3.6612938858E-08   1.9274432193E-06   7.8356078910E+00
    2      4.2974044242E-08  -3.6612938858E-08  -1.5671408883E+01   1.7942577464E-07   1.1763479602E-08
    3     -3.5421586972E+01   1.9274432193E-06   1.7942577464E-07   3.5709977063E+01  -2.0046564503E-06
    4      2.1370223877E-06   7.8356078910E+00   1.1763479602E-08  -2.0046564503E-06  -8.7436604631E+00
    5      2.8456612246E-07   1.1660977655E-08   7.8356078845E+00  -2.6489405772E-07  -1.4428322053E-08
    6     -3.5422144487E+01  -1.6227291589E-06  -2.7178530569E-07  -2.8839009045E-01  -2.1378075754E-07
    7     -2.0188827479E-06   7.8358010026E+00   2.4850112532E-08   1.5862805123E-07   9.0805257205E-01
    8     -2.7815467989E-07   2.4951307927E-08   7.8358009983E+00   4.4175827074E-08   2.6700323601E-09
                    5                  6                  7                  8        
     0      2.8456612246E-07  -3.5422144487E+01  -2.0188827479E-06  -2.7815467989E-07
     1      1.1660977655E-08  -1.6227291589E-06   7.8358010026E+00   2.4951307927E-08
     2      7.8356078845E+00  -2.7178530569E-07   2.4850112532E-08   7.8358009983E+00
     3     -2.6489405772E-07  -2.8839009045E-01   1.5862805123E-07   4.4175827074E-08
     4     -1.4428322053E-08  -2.1378075754E-07   9.0805257205E-01   2.6700323601E-09
     5     -8.7436604670E+00   2.1620391269E-08   2.7621544897E-09   9.0805258248E-01
     6      2.1620391269E-08   3.5710534578E+01   1.8483823065E-06   2.4207188362E-07
     7      2.7621544897E-09   1.8483823065E-06  -8.7438535747E+00  -2.7616803654E-08
     8      9.0805258248E-01   2.4207188362E-07  -2.7616803654E-08  -8.7438535808E+00

$vibrational_frequencies
9
    0        0.0000000000000000
    1        0.0000000000000000
    2        0.0000000000000000
    3        0.0000000000000000
    4        0.0000000000000000
    5    -6886.0496573253512906
    6    -6886.0496410632385960
    7     7710.6864343720599209
    8    14640.8685937107329664

$normal_modes
9 9
                    0                  1                  2                  3                  4        
    0      0.0000000000E+00   0.0000000000E+00   0.0000000000E+00   0.0000000000E+00   0.0000000000E+00
    1      0.0000000000E+00   0.0000000000E+00   0.0000000000E+00   0.0000000000E+00   0.0000000000E+00
    2      0.0000000000E+00   0.0000000000E+00   0.0000000000E+00   0.0000000000E+00   0.0000000000E+00
    3      0.0000000000E+00   0.0000000000E+00   0.0000000000E+00   0.0000000000E+00   0.0000000000E+00
    4      0.0000000000E+00   0.0000000000E+00   0.0000000000E+00   0.0000000000E+00   0.0000000000E+00
    5      0.0000000000E+00   0.0000000000E+00   0.0000000000E+00   0.0000000000E+00   0.0000000000E+00
    6      0.0000000000E+00   0.0000000000E+00   0.0000000000E+00   0.0000000000E+00   0.0000000000E+00
    7      0.0000000000E+00   0.0000000000E+00   0.0000000000E+00   0.0000000000E+00   0.0000000000E+00
    8      0.0000000000E+00   0.0000000000E+00   0.0000000000E+00   0.0000000000E+00   0.0000000000E+00
                    5                  6                  7                  8        
     0      1.3473863426E-09  -1.7426760163E-09  -5.5989032378E-06   8.8326227665E-01
     1      6.6860623674E-01  -5.7716371124E-01   5.1399029847E-08  -2.1584421950E-09
     2      5.7716371124E-01   6.6860623674E-01   6.6995757818E-09   4.3874690511E-10
     3     -2.8419771521E-08   1.9042960301E-08   7.0710888282E-01  -3.3154408626E-01
     4     -2.5097229785E-01   2.1664784874E-01  -2.0409773153E-08   1.6263290650E-08
     5     -2.1664784874E-01  -2.5097229785E-01  -3.0435398167E-09   2.1215923262E-09
     6      2.7408242218E-08  -1.7734673481E-08  -7.0710467953E-01  -3.3155130751E-01
     7     -2.5097341810E-01   2.1664881578E-01  -1.8177247744E-08  -1.4642873806E-08
     8     -2.1664881578E-01  -2.5097341810E-01  -1.9860623375E-09  -2.4509747605E-09

#
# The atoms: label  mass x y z (in bohrs)
#
$atoms
3
 C     12.01100     -0.000001845460     0.000000038540     0.000000005702
 O     15.99900      1.137267657195    -0.000000016262    -0.000000002991
 O     15.99900     -1.137266271745    -0.000000012671    -0.000000001290

$actual_temperature
  0.000000

$frequency_scale_factor
  1.000000

$dipole_derivatives
9
    3.3669502967E+00    1.3116518697E-08    2.1689252961E-08
   -5.5104858501E-09    1.2244561606E+00    3.2549223286E-09
    2.4208443306E-08    3.2658059606E-09    1.2244561534E+00
   -1.6834934335E+00   -3.6597864362E-08   -1.6616472258E-08
    3.4957292016E-08   -6.1224821351E-01   -1.6130551165E-09
   -2.2370370245E-09   -2.0328821499E-09   -6.1224820865E-01
   -1.6834866761E+00    2.3404728887E-08   -4.9600924622E-09
   -3.1074899856E-08   -6.1224342983E-01   -1.6630617120E-09
   -1.7996029197E-08   -1.2207381662E-09   -6.1224342742E-01

#
# The IR spectrum
#  wavenumber eps Int TX TY TZ
#
$ir_spectrum
9
      0.00   0.00000000   0.00000000     0.000000     0.000000     0.000000
      0.00   0.00000000   0.00000000     0.000000     0.000000     0.000000
      0.00   0.00000000   0.00000000     0.000000     0.000000     0.000000
      0.00   0.00000000   0.00000000     0.000000     0.000000     0.000000
      0.00   0.00000000   0.00000000     0.000000     0.000000     0.000000
  -6886.05   0.00000000   0.00000000     0.000000     0.000000     0.000000
  -6886.05   0.00000000   0.00000000     0.000000     0.000000     0.000000
   7710.69   0.00000000   0.00000006    -0.000001     0.000000     0.000000
  14640.87   0.25041840 1265.51193864     0.073059     0.000000     0.000000


$end

