*************************************************
******************* ORCA 6.0.1 ******************
*************************************************
$Calculation_Status
   &GeometryIndex 1
   &ListStatus       OUT
   &VERSION [&Type "String"] "6.0.1"
   &PROGNAME [&Type "String"] "LeanSCF"
   &STATUS [&Type "String"] "NORMAL TERMINATION"
$End
$Geometry
   &GeometryIndex 1
   &ListStatus       OUT
   &NATOMS [&Type "Integer"] 3
   &NCORELESSECP [&Type "Integer"] 0
   &NGHOSTATOMS [&Type "Integer"] 0
   &CartesianCoordinates [&Type "Coordinates", &Dim(3,4), &Units "Bohr"] 
              C     -0.028137524758    0.000000036472    0.000000003213
              O      1.172453567101   -0.000000018897   -0.000000001701
              O     -1.154149932235   -0.000000017574   -0.000000001323
$End
$SCF_Energy
   &GeometryIndex 1
   &ListStatus       OUT
   &SCF_ENERGY [&Type "Double"]      -1.8272505172160740e+02
$End
$DFT_Energy
   &GeometryIndex 1
   &ListStatus       OUT
   &NALPHAEL [&Type "Integer"] 11
   &NBETAEL [&Type "Integer"] 11
   &NTOTALEL [&Type "Integer"] 22
   &EEXCHANGE [&Type "Double"]      -1.8845521938332169e+01
   &ECORR [&Type "Double"]      -1.0017091348972011e+00
   &ECNL [&Type "Double"]       0.0000000000000000e+00
   &EXC [&Type "Double"]      -1.9847231073229370e+01
   &EEMBED [&Type "Double"]       0.0000000000000000e+00
   &FINALEN [&Type "Double"]      -1.8272505172160740e+02  "No Van der Waals correction"
$End
$Mulliken_Population_Analysis
   &GeometryIndex 1
   &ListStatus       OUT
   &NATOMS [&Type "Integer"] 3
   &ATNO [&Type "ArrayOfIntegers", &Dim (3,1)] 
                                                         0

0                                                        6
1                                                        8
2                                                        8
   &ATOMICCHARGES [&Type "ArrayOfDoubles", &Dim (3,1)] 
                                                         0

0                                      4.0547384466514524e-01
1                                      1.8394942288426924e-01
2                                      4.1057673245056348e-01
$End
$Loewdin_Population_Analysis
   &GeometryIndex 1
   &ListStatus       OUT
   &NATOMS [&Type "Integer"] 3
   &ATNO [&Type "ArrayOfIntegers", &Dim (3,1)] 
                                                         0

0                                                        6
1                                                        8
2                                                        8
   &ATOMICCHARGES [&Type "ArrayOfDoubles", &Dim (3,1)] 
                                                         0

0                                      4.2651135716927518e-01
1                                      2.0765444502860275e-01
2                                      3.6583419780213511e-01
$End
$Mayer_Population_Analysis
   &GeometryIndex 1
   &ListStatus       OUT
   &NATOMS [&Type "Integer"] 3 "Total number of atoms"
   &BONDTHRESH [&Type "Double"]       1.0000000000000001e-01  "The threshold for printing"
   &NBONDORDERSPRINT [&Type "Integer"] 3 "The number of bond orders larger than threshold"
   &BONDORDERS [&Type "ArrayOfDoubles", &Dim (3,1)] "The bond orders"
                                                         0

0                                      1.7802524755998415e+00
1                                      1.9034223480837480e+00
2                                      1.3377811711149525e+00
   &COMPONENTS [&Type "ArrayOfIntegers", &Dim (3,4)] "The indices and atomic numbers of the bonding atoms"
                                                         0                           1                           2                           3

0                                                        0                           6                           1                           8
1                                                        0                           6                           2                           8
2                                                        1                           8                           2                           8
   &ATNO [&Type "ArrayOfIntegers", &Dim (3,1)] "Atomic number of the elements"
                                                         0

0                                                        6
1                                                        8
2                                                        8
   &NA [&Type "ArrayOfDoubles", &Dim (3,1)] "Mulliken gross atomic population"
                                                         0

0                                      5.8901036066933141e+00
1                                      8.1570453928668414e+00
2                                      7.9528510004398623e+00
   &ZA [&Type "ArrayOfDoubles", &Dim (3,1)] "Total nuclear charge"
                                                         0

0                                      6.0000000000000000e+00
1                                      8.0000000000000000e+00
2                                      8.0000000000000000e+00
   &QA [&Type "ArrayOfDoubles", &Dim (3,1)] "Mulliken gross atomic charge"
                                                         0

0                                      1.0989639330668588e-01
1                                     -1.5704539286684138e-01
2                                      4.7148999560137739e-02
   &VA [&Type "ArrayOfDoubles", &Dim (3,1)] "Mayer's total valence"
                                                         0

0                                      3.6836748236836185e+00
1                                      3.1180336467147751e+00
2                                      3.2412035191986659e+00
   &BVA [&Type "ArrayOfDoubles", &Dim (3,1)] "Mayer's bonded valence"
                                                         0

0                                      3.6836748236835897e+00
1                                      3.1180336467147942e+00
2                                      3.2412035191987005e+00
   &FA [&Type "ArrayOfDoubles", &Dim (3,1)] "Mayer's free valence"
                                                         0

0                                      0.0000000000000000e+00
1                                      0.0000000000000000e+00
2                                      0.0000000000000000e+00
$End
$Calculation_Info
   &GeometryIndex 1
   &ListStatus       OUT
   &MULT [&Type "Integer"] 1
   &CHARGE [&Type "Integer"] 0
   &NUMOFATOMS [&Type "Integer"] 3
   &NUMOFELECTRONS [&Type "Integer"] 22
   &NUMOFFCELECTRONS [&Type "Integer"] 1
   &NUMOFCORRELECTRONS [&Type "Integer"] 0
   &NUMOFBASISFUNCTS [&Type "Integer"] 42
   &NUMOFAUXCBASISFUNCTS [&Type "Integer"] 0
   &NUMOFAUXJBASISFUNCTS [&Type "Integer"] 147
   &NUMOFAUXJKBASISFUNCTS [&Type "Integer"] 0
   &NUMOFCABSBASISFUNCTS [&Type "Integer"] 0
   &TOTALENERGY [&Type "Double"]      -1.8272505172160740e+02  "Hartrees"
$End
$SCF_Dipole_Moment
   &GeometryIndex 1
   &ListStatus       OUT
   &METHOD [&Type "String"] "SCF"
   &LEVEL [&Type "String"] "Relaxed density"
   &MULT [&Type "Integer"] 1
   &STATE [&Type "Integer"] -1
   &IRREP [&Type "Integer"] 0
   &NATOMS [&Type "Integer"] 3
   &DODIPOLEATOM [&Type "Boolean"] false
   &DIPOLEELECCONTRIB [&Type "ArrayOfDoubles", &Dim (3,1)] "Electronic contribution"
                                                         0

0                                     -1.2752478953936311e-01
1                                      6.6979141024741994e-08
2                                      7.2404904143632665e-09
   &DIPOLENUCCONTRIB [&Type "ArrayOfDoubles", &Dim (3,1)] "Nuclear contribution"
                                                         0

0                                      1.5929460640151660e-04
1                                     -2.3364876936029823e-10
2                                     -2.0267948195252109e-11
   &DIPOLETOTAL [&Type "ArrayOfDoubles", &Dim (3,1)] "Total"
                                                         0

0                                     -1.2736549493296159e-01
1                                      6.6745492255381695e-08
2                                      7.2202224661680144e-09
   &DIPOLEMAGNITUDE [&Type "Double", &Units "a.u."]       1.2736549493297927e-01
$End
$SCF_Polarizability
   &GeometryIndex 1
   &ListStatus       OUT
   &METHOD [&Type "String"] "SCF"
   &LEVEL [&Type "String"] "Relaxed density"
   &MULT [&Type "Integer"] 1
   &STATE [&Type "Integer"] -1
   &IRREP [&Type "Integer"] 0
   &NATOMS [&Type "Integer"] 3
   &DODIPOLEATOM [&Type "Boolean"] false
   &RAWCARTESIAN [&Type "ArrayOfDoubles", &Units "a.u", &Dim (3,3)] 
                                                         0                           1                           2

0                                      8.3972177356512887e+00         1.4167264070683462e-08         1.0604346512911718e-08
1                                      1.4167264070683462e-08         4.1716960158755159e+00         8.5387621349549006e-09
2                                      1.0604346512911718e-08         8.5387621349549006e-09         4.1716959979401862e+00
   &DIAGONALIZEDTENSOR [&Type "ArrayOfDoubles", &Dim (3,1)] 
                                                         0

0                                      4.1716959945252237e+00
1                                      4.1716960192904793e+00
2                                      8.3972177356512887e+00
   &ORIENTATION [&Type "ArrayOfDoubles", &Dim (3,3)] 
                                                         0                           1                           2

0                                     -1.0851285050492636e-09         4.0449628263603044e-09         9.9999999999999989e-01
1                                     -3.7133986643433814e-01        -9.2849701324049916e-01         3.3527846055037003e-09
2                                      9.2849701324049916e-01        -3.7133986643433814e-01         2.5095945888338927e-09
   &ISOTROPICPOLAR [&Type "Double"]       5.5802032498223300e+00
$End
$THERMOCHEMISTRY_Energies
   &GeometryIndex 1
   &ListStatus       OUT
   &TEMPERATURE [&Type "Double"]       2.9814999999999998e+02
   &PRESSURE [&Type "Double"]       1.0000000000000000e+00
   &TOTALMASS [&Type "Double"]       4.4009000000000000e+01
   &SPINDEGENERACY [&Type "Integer"] 1
   &ELENERGY [&Type "Double"]      -1.8272505172160740e+02
   &TRANSENERGY [&Type "Double"]       1.4162714244859817e-03
   &ROTENERGY [&Type "Double"]       9.4418094965732118e-04
   &VIBENERGY [&Type "Double"]       1.4535740035736636e-17
   &NUMOFFREQS [&Type "Integer"] 9
   &FREQSCALINGFACTOR [&Type "Double"]       1.0000000000000000e+00
   &FREQ [&Type "ArrayOfDoubles", &Dim (9,1)] "In cm^-1"
                                                         0

0                                      0.0000000000000000e+00
1                                      0.0000000000000000e+00
2                                      0.0000000000000000e+00
3                                      0.0000000000000000e+00
4                                      0.0000000000000000e+00
5                                     -6.5853400503627690e+03
6                                     -6.5853400296451064e+03
7                                      7.3298553686015921e+03
8                                      1.4131680768134142e+04
   &ZPE [&Type "Double"]       4.8892976906859717e-02
   &INNERENERGYU [&Type "Double"]      -1.8267379829232638e+02
   &ENTHALPYH [&Type "Double"]      -1.8267285408328414e+02
   &QEL [&Type "Double"]       0.0000000000000000e+00
   &QROT [&Type "Double"]       5.6694481189886858e-03
   &QVIB [&Type "Double"]      -2.5703200549162593e-11
   &QTRANS [&Type "Double"]       1.7708800485862652e-02
   &ENTROPYS [&Type "Double"]       2.3378248579148140e-02
   &FREEENERGYG [&Type "Double"]      -1.8269623233186329e+02
   &ISLINEAR [&Type "Boolean"] true
$End
$Hessian
   &GeometryIndex 1
   &ListStatus       OUT
   &HESSIAN [&Type "ArrayOfDoubles", &Dim (9,9)] "The Hessian"
                                                         0                           1                           2                           3                           4                           5                           6                           7

0                                      6.5674231418534092e+01         6.2029505763143932e-07         7.6660008335180071e-08        -2.9045626394963602e+01         1.5970823914410025e-06         1.1742604710026768e-07        -3.6628605023570486e+01        -2.2116749883575045e-06
1                                      6.2029505763143932e-07        -1.4290509002863761e+01        -2.6374568594673884e-08         1.2962737282936591e-06         5.8667088348413339e+00         8.5714313472708686e-09        -1.9222712466400358e-06         8.4238001680224261e+00
2                                      7.6660008335180071e-08        -2.6374568594673884e-08        -1.4290508930696502e+01         2.5133104983987780e-07         9.8175701426187879e-09         5.8667088218172871e+00        -3.3188997070410978e-07         1.6557783435849444e-08
3                                     -2.9045626394963602e+01         1.2962737282936591e-06         2.5133104983987780e-07         2.9192326055117423e+01        -1.4628246067672497e-06        -1.6783719796825606e-07        -1.4669966015382252e-01         1.5942927417621955e-07
4                                      1.5970823914410025e-06         5.8667088348413339e+00         9.8175701426187879e-09        -1.4628246067672497e-06        -6.6774468047982216e+00        -4.1039518470696674e-09        -1.2713618037638158e-07         8.1073796995688785e-01
5                                      1.1742604710026768e-07         8.5714313472708686e-09         5.8667088218172871e+00        -1.6783719796825606e-07        -4.1039518470696674e-09        -6.6774468130311684e+00        -4.0421608364815665e-08        -4.4640076488457417e-09
6                                     -3.6628605023570486e+01        -1.9222712466400358e-06        -3.3188997070410978e-07        -1.4669966015382252e-01        -1.2713618037638158e-07        -4.0421608364815665e-08         3.6775304683724308e+01         2.0508265705988510e-06
7                                     -2.2116749883575045e-06         8.4238001680224261e+00         1.6557783435849444e-08         1.5942927417621955e-07         8.1073796995688785e-01        -4.4640076488457417e-09         2.0508265705988510e-06        -9.2345381379793139e+00
8                                     -1.9018714290639584e-07         1.7802352263608670e-08         8.4238001088792149e+00         7.3389073611823170e-09        -5.7170901469045799e-09         8.1073799121388157e-01         2.7757990730706952e-07        -1.2089518951853896e-08
                                                         8

0                                     -1.9018714290639584e-07
1                                      1.7802352263608670e-08
2                                      8.4238001088792149e+00
3                                      7.3389073611823170e-09
4                                     -5.7170901469045799e-09
5                                      8.1073799121388157e-01
6                                      2.7757990730706952e-07
7                                     -1.2089518951853896e-08
8                                     -9.2345381000930971e+00
   &MODES [&Type "ArrayOfDoubles", &Dim (9,9)] "The modes of vibrations"
                                                         0                           1                           2                           3                           4                           5                           6                           7

0                                      0.0000000000000000e+00         0.0000000000000000e+00         0.0000000000000000e+00         0.0000000000000000e+00         0.0000000000000000e+00        -1.2730782745061281e-09         2.7321705524669765e-10        -2.0271450775586161e-02
1                                      0.0000000000000000e+00         0.0000000000000000e+00         0.0000000000000000e+00         0.0000000000000000e+00         0.0000000000000000e+00         2.3395878863632827e-01        -7.6030940339581576e-02         1.2494560479992080e-08
2                                      0.0000000000000000e+00         0.0000000000000000e+00         0.0000000000000000e+00         0.0000000000000000e+00         0.0000000000000000e+00         7.6030940339581618e-02         2.3395878863632855e-01         2.0844269944884673e-09
3                                      0.0000000000000000e+00         0.0000000000000000e+00         0.0000000000000000e+00         0.0000000000000000e+00         0.0000000000000000e+00        -8.6230135362771968e-09         1.2673232519517541e-09         1.8379040165893235e-01
4                                      0.0000000000000000e+00         0.0000000000000000e+00         0.0000000000000000e+00         0.0000000000000000e+00         0.0000000000000000e+00        -8.5005395374473769e-02         2.7624694853013120e-02        -4.9977252095222414e-09
5                                      0.0000000000000000e+00         0.0000000000000000e+00         0.0000000000000000e+00         0.0000000000000000e+00         0.0000000000000000e+00        -2.7624694853013124e-02        -8.5005395374473852e-02        -8.1686690375683673e-10
6                                      0.0000000000000000e+00         0.0000000000000000e+00         0.0000000000000000e+00         0.0000000000000000e+00         0.0000000000000000e+00         9.5787572231799016e-09        -1.4724366797855880e-09        -1.6857192580009334e-01
7                                      0.0000000000000000e+00         0.0000000000000000e+00         0.0000000000000000e+00         0.0000000000000000e+00         0.0000000000000000e+00        -9.0635520327191188e-02         2.9454349113404412e-02        -4.3823714157380277e-09
8                                      0.0000000000000000e+00         0.0000000000000000e+00         0.0000000000000000e+00         0.0000000000000000e+00         0.0000000000000000e+00        -2.9454349113404436e-02        -9.0635520327191355e-02        -7.4798415613715718e-10
                                                         8

0                                      2.4520085189347524e-01
1                                      2.2308471613920839e-09
2                                      2.9761755280374611e-10
3                                     -7.7474962630346950e-02
4                                      3.5096336374723227e-09
5                                      2.6328657410070477e-10
6                                     -1.0660575692040815e-01
7                                     -5.1844073882081784e-09
8                                     -4.8671835461092843e-10
$End
