
$orca_hessian_file

$act_atom
  0

$act_coord
  0

$act_energy
        0.000000

$multiplicity
  1

$hessian
9
                    0                  1                  2                  3                  4        
    0      6.5674221946E+01   6.2037959117E-07   7.6566024578E-08  -2.9045622287E+01   1.5970169853E-06
    1      6.2037959117E-07  -1.4290512514E+01  -2.6355872231E-08   1.2963497145E-06   5.8667104999E+00
    2      7.6566024578E-08  -2.6355872231E-08  -1.4290512442E+01   2.5152065881E-07   8.6743172374E-09
    3     -2.9045622287E+01   1.2963497145E-06   2.5152065881E-07   2.9192322588E+01  -1.4629098266E-06
    4      1.5970169853E-06   5.8667104999E+00   8.6743172374E-09  -1.4629098266E-06  -6.6774469895E+00
    5      1.1732468100E-07   9.6699115746E-09   5.8667104869E+00  -1.6788838480E-07  -4.0839684381E-09
    6     -3.6628599659E+01  -1.9223683873E-06  -3.3195781082E-07  -1.4670030135E-01  -1.2701815757E-07
    7     -2.2117574949E-06   8.4238020143E+00   1.7682306124E-08   1.5947111086E-07   8.1073648959E-01
    8     -1.9001957814E-07   1.6685209525E-08   8.4238019552E+00   7.2139238008E-09  -4.5934434515E-09
                    5                  6                  7                  8        
     0      1.1732468100E-07  -3.6628599659E+01  -2.2117574949E-06  -1.9001957814E-07
     1      9.6699115746E-09  -1.9223683873E-06   8.4238020143E+00   1.6685209525E-08
     2      5.8667104869E+00  -3.3195781082E-07   1.7682306124E-08   8.4238019552E+00
     3     -1.6788838480E-07  -1.4670030135E-01   1.5947111086E-07   7.2139238008E-09
     4     -4.0839684381E-09  -1.2701815757E-07   8.1073648959E-01  -4.5934434515E-09
     5     -6.6774469978E+00  -4.0282494006E-08  -5.5828484842E-09   8.1073651084E-01
     6     -4.0282494006E-08   3.6775299960E+01   2.0508364645E-06   2.7752297959E-07
     7     -5.5828484842E-09   2.0508364645E-06  -9.2345385039E+00  -1.2095611857E-08
     8      8.1073651084E-01   2.7752297959E-07  -1.2095611857E-08  -9.2345384660E+00

$vibrational_frequencies
9
    0        0.0000000000000000
    1        0.0000000000000000
    2        0.0000000000000000
    3        0.0000000000000000
    4        0.0000000000000000
    5    -6585.3408574921213585
    6    -6585.3408367979973264
    7     7329.8549910693482161
    8    14131.6797479762117291

$normal_modes
9 9
                    0                  1                  2                  3                  4        
    0      0.0000000000E+00   0.0000000000E+00   0.0000000000E+00   0.0000000000E+00   0.0000000000E+00
    1      0.0000000000E+00   0.0000000000E+00   0.0000000000E+00   0.0000000000E+00   0.0000000000E+00
    2      0.0000000000E+00   0.0000000000E+00   0.0000000000E+00   0.0000000000E+00   0.0000000000E+00
    3      0.0000000000E+00   0.0000000000E+00   0.0000000000E+00   0.0000000000E+00   0.0000000000E+00
    4      0.0000000000E+00   0.0000000000E+00   0.0000000000E+00   0.0000000000E+00   0.0000000000E+00
    5      0.0000000000E+00   0.0000000000E+00   0.0000000000E+00   0.0000000000E+00   0.0000000000E+00
    6      0.0000000000E+00   0.0000000000E+00   0.0000000000E+00   0.0000000000E+00   0.0000000000E+00
    7      0.0000000000E+00   0.0000000000E+00   0.0000000000E+00   0.0000000000E+00   0.0000000000E+00
    8      0.0000000000E+00   0.0000000000E+00   0.0000000000E+00   0.0000000000E+00   0.0000000000E+00
                    5                  6                  7                  8        
     0      4.5706473892E-09  -9.8305178741E-10  -8.1016910732E-02   8.8084079629E-01
     1     -8.3987912431E-01   2.7309176698E-01   4.9938283947E-08   8.0149344643E-09
     2     -2.7309176698E-01  -8.3987912431E-01   8.3349605122E-09   1.0682040915E-09
     3      3.0958590098E-08  -4.5521745099E-09   7.3453700068E-01  -2.7831513360E-01
     4      3.0515740590E-01  -9.9223772534E-02  -1.9974826158E-08   1.2607372747E-08
     5      9.9223772534E-02   3.0515740590E-01  -3.2662670706E-09   9.4615009714E-10
     6     -3.4389932436E-08   5.2901852876E-09  -6.7371481712E-01  -3.8296237151E-01
     7      3.2536876211E-01  -1.0579561701E-01  -1.7515562527E-08  -1.8624459927E-08
     8      1.0579561701E-01   3.2536876211E-01  -2.9910745456E-09  -1.7480877920E-09

#
# The atoms: label  mass x y z (in bohrs)
#
$atoms
3
 C     12.01100     -0.027112280930     0.000000039777     0.000000003435
 O     15.99900      1.173478810930    -0.000000015592    -0.000000001478
 O     15.99900     -1.153124688407    -0.000000014269    -0.000000001100

$actual_temperature
  0.000000

$frequency_scale_factor
  1.000000

$dipole_derivatives
9
    3.3902738838E+00    3.3354571384E-08    1.8053883385E-08
   -3.2601903814E-09    1.1857227479E+00    3.7353507188E-09
    2.1671543365E-08    3.3508681655E-09    1.1857227416E+00
   -1.7340143703E+00   -5.3386455228E-08   -1.7100559299E-08
    6.8611052852E-08   -6.2835909204E-01   -1.6784389606E-09
   -4.9884993117E-10   -1.4545166300E-09   -6.2835908818E-01
   -1.6562894024E+00    2.0032779487E-08   -8.9269040951E-10
   -4.4031460977E-08   -5.5715379015E-01   -2.0379899146E-09
   -1.8860116230E-08   -1.8930879452E-09   -5.5715378784E-01

#
# The IR spectrum
#  wavenumber eps Int TX TY TZ
#
$ir_spectrum
9
      0.00   0.00000000   0.00000000     0.000000     0.000000     0.000000
      0.00   0.00000000   0.00000000     0.000000     0.000000     0.000000
      0.00   0.00000000   0.00000000     0.000000     0.000000     0.000000
      0.00   0.00000000   0.00000000     0.000000     0.000000     0.000000
      0.00   0.00000000   0.00000000     0.000000     0.000000     0.000000
  -6585.34   0.00000000   0.00000000     0.000000     0.000000     0.000000
  -6585.34   0.00000000   0.00000000     0.000000     0.000000     0.000000
   7329.85   0.00225914  11.41675821    -0.009807     0.000000     0.000000
  14131.68   0.25167709 1271.87288202     0.074550     0.000000     0.000000


$end

