*************************************************
******************* ORCA 6.0.1 ******************
*************************************************
$Calculation_Status
   &GeometryIndex 1
   &ListStatus       OUT
   &VERSION [&Type "String"] "6.0.1"
   &PROGNAME [&Type "String"] "LeanSCF"
   &STATUS [&Type "String"] "NORMAL TERMINATION"
$End
$Geometry
   &GeometryIndex 1
   &ListStatus       OUT
   &NATOMS [&Type "Integer"] 3
   &NCORELESSECP [&Type "Integer"] 0
   &NGHOSTATOMS [&Type "Integer"] 0
   &CartesianCoordinates [&Type "Coordinates", &Dim(3,4), &Units "Bohr"] 
              C     -0.028137524758    0.000000036472    0.000000003213
              O      1.172453567101   -0.000000018897   -0.000000001701
              O     -1.154149932235   -0.000000017574   -0.000000001323
$End
$SCF_Energy
   &GeometryIndex 1
   &ListStatus       OUT
   &SCF_ENERGY [&Type "Double"]      -1.8272505172160191e+02
$End
$DFT_Energy
   &GeometryIndex 1
   &ListStatus       OUT
   &NALPHAEL [&Type "Integer"] 11
   &NBETAEL [&Type "Integer"] 11
   &NTOTALEL [&Type "Integer"] 22
   &EEXCHANGE [&Type "Double"]      -1.8845521292033013e+01
   &ECORR [&Type "Double"]      -1.0017091166558025e+00
   &ECNL [&Type "Double"]       0.0000000000000000e+00
   &EXC [&Type "Double"]      -1.9847230408688816e+01
   &EEMBED [&Type "Double"]       0.0000000000000000e+00
   &FINALEN [&Type "Double"]      -1.8272505172160191e+02  "No Van der Waals correction"
$End
$Mulliken_Population_Analysis
   &GeometryIndex 1
   &ListStatus       OUT
   &NATOMS [&Type "Integer"] 3
   &ATNO [&Type "ArrayOfIntegers", &Dim (3,1)] 
                                                         0

0                                                        6
1                                                        8
2                                                        8
   &ATOMICCHARGES [&Type "ArrayOfDoubles", &Dim (3,1)] 
                                                         0

0                                      1.0989656032737205e-01
1                                     -1.5704546948552789e-01
2                                      4.7148909158117647e-02
$End
$Loewdin_Population_Analysis
   &GeometryIndex 1
   &ListStatus       OUT
   &NATOMS [&Type "Integer"] 3
   &ATNO [&Type "ArrayOfIntegers", &Dim (3,1)] 
                                                         0

0                                                        6
1                                                        8
2                                                        8
   &ATOMICCHARGES [&Type "ArrayOfDoubles", &Dim (3,1)] 
                                                         0

0                                     -8.1953653071894372e-01
1                                      3.7864284633949818e-01
2                                      4.4089368437938603e-01
$End
$Mayer_Population_Analysis
   &GeometryIndex 1
   &ListStatus       OUT
   &NATOMS [&Type "Integer"] 3 "Total number of atoms"
   &BONDTHRESH [&Type "Double"]       1.0000000000000001e-01  "The threshold for printing"
   &NBONDORDERSPRINT [&Type "Integer"] 3 "The number of bond orders larger than threshold"
   &BONDORDERS [&Type "ArrayOfDoubles", &Dim (3,1)] "The bond orders"
                                                         0

0                                      1.7802523878679049e+00
1                                      1.9034222385493571e+00
2                                      1.3377811068000665e+00
   &COMPONENTS [&Type "ArrayOfIntegers", &Dim (3,4)] "The indices and atomic numbers of the bonding atoms"
                                                         0                           1                           2                           3

0                                                        0                           6                           1                           8
1                                                        0                           6                           2                           8
2                                                        1                           8                           2                           8
   &ATNO [&Type "ArrayOfIntegers", &Dim (3,1)] "Atomic number of the elements"
                                                         0

0                                                        6
1                                                        8
2                                                        8
   &NA [&Type "ArrayOfDoubles", &Dim (3,1)] "Mulliken gross atomic population"
                                                         0

0                                      5.8901034396726288e+00
1                                      8.1570454694855261e+00
2                                      7.9528510908418841e+00
   &ZA [&Type "ArrayOfDoubles", &Dim (3,1)] "Total nuclear charge"
                                                         0

0                                      6.0000000000000000e+00
1                                      8.0000000000000000e+00
2                                      8.0000000000000000e+00
   &QA [&Type "ArrayOfDoubles", &Dim (3,1)] "Mulliken gross atomic charge"
                                                         0

0                                      1.0989656032737116e-01
1                                     -1.5704546948552611e-01
2                                      4.7148909158115870e-02
   &VA [&Type "ArrayOfDoubles", &Dim (3,1)] "Mayer's total valence"
                                                         0

0                                      3.6836746264172762e+00
1                                      3.1180334946679302e+00
2                                      3.2412033453493700e+00
   &BVA [&Type "ArrayOfDoubles", &Dim (3,1)] "Mayer's bonded valence"
                                                         0

0                                      3.6836746264172620e+00
1                                      3.1180334946679711e+00
2                                      3.2412033453494233e+00
   &FA [&Type "ArrayOfDoubles", &Dim (3,1)] "Mayer's free valence"
                                                         0

0                                      0.0000000000000000e+00
1                                      0.0000000000000000e+00
2                                      0.0000000000000000e+00
$End
$SCF_Nuc_Gradient
   &GeometryIndex 1
   &ListStatus       OUT
   &NATOMS [&Type "Integer"] 3
   &ROOT [&Type "Integer"] 0
   &GRADNORM [&Type "Double"]       1.4662987286027210e+01
   &GRAD [&Type "ArrayOfDoubles", &Dim (9,1)] 
                                                         0

0                                     -2.4406001263285892e+00
1                                     -7.6583748921079080e-07
2                                     -1.5292586725843004e-07
3                                     -8.9302763410103285e+00
4                                      2.8722157828938807e-07
5                                      1.0392064709381352e-07
6                                      1.1370876467834426e+01
7                                      4.7861594141486835e-07
8                                      4.9005229804005670e-08
$End
$SCF_Dipole_Moment
   &GeometryIndex 1
   &ListStatus       OUT
   &METHOD [&Type "String"] "SCF"
   &LEVEL [&Type "String"] "Relaxed density"
   &MULT [&Type "Integer"] 1
   &STATE [&Type "Integer"] -1
   &IRREP [&Type "Integer"] 0
   &NATOMS [&Type "Integer"] 3
   &DODIPOLEATOM [&Type "Boolean"] false
   &DIPOLEELECCONTRIB [&Type "ArrayOfDoubles", &Dim (3,1)] "Electronic contribution"
                                                         0

0                                     -1.2752476149827449e-01
1                                      6.7007115778173833e-08
2                                      7.1113781954884831e-09
   &DIPOLENUCCONTRIB [&Type "ArrayOfDoubles", &Dim (3,1)] "Nuclear contribution"
                                                         0

0                                      1.5929460640151660e-04
1                                     -2.3364876936029823e-10
2                                     -2.0267948195252109e-11
   &DIPOLETOTAL [&Type "ArrayOfDoubles", &Dim (3,1)] "Total"
                                                         0

0                                     -1.2736546689187297e-01
1                                      6.6773467008813535e-08
2                                      7.0911102472932310e-09
   &DIPOLEMAGNITUDE [&Type "Double", &Units "a.u."]       1.2736546689189066e-01
$End
$SCF_Polarizability
   &GeometryIndex 1
   &ListStatus       OUT
   &METHOD [&Type "String"] "SCF"
   &LEVEL [&Type "String"] "Relaxed density"
   &MULT [&Type "Integer"] 1
   &STATE [&Type "Integer"] -1
   &IRREP [&Type "Integer"] 0
   &NATOMS [&Type "Integer"] 3
   &DODIPOLEATOM [&Type "Boolean"] false
   &RAWCARTESIAN [&Type "ArrayOfDoubles", &Units "a.u", &Dim (3,3)] 
                                                         0                           1                           2

0                                      8.3972153828827416e+00         1.3569764061094603e-08         1.0413628079900595e-08
1                                      1.3569764061094603e-08         4.1716948138283074e+00         8.5390103997333976e-09
2                                      1.0413628079900595e-08         8.5390103997333976e-09         4.1716947958788895e+00
   &DIAGONALIZEDTENSOR [&Type "ArrayOfDoubles", &Dim (3,1)] 
                                                         0

0                                      4.1716947924656971e+00
1                                      4.1716948172414989e+00
2                                      8.3972153828827416e+00
   &ORIENTATION [&Type "ArrayOfDoubles", &Dim (3,3)] 
                                                         0                           1                           2

0                                     -1.0964653283375580e-09         3.8967047353992442e-09         9.9999999999999989e-01
1                                     -3.7116458469470970e-01        -9.2856709562012996e-01         3.2113826042845517e-09
2                                      9.2856709562013007e-01        -3.7116458469470975e-01         2.4644603760075892e-09
   &ISOTROPICPOLAR [&Type "Double"]       5.5802016641966450e+00
$End
$THERMOCHEMISTRY_Energies
   &GeometryIndex 1
   &ListStatus       OUT
   &TEMPERATURE [&Type "Double"]       2.9814999999999998e+02
   &PRESSURE [&Type "Double"]       1.0000000000000000e+00
   &TOTALMASS [&Type "Double"]       4.4009000000000000e+01
   &SPINDEGENERACY [&Type "Integer"] 1
   &ELENERGY [&Type "Double"]      -1.8272505172160191e+02
   &TRANSENERGY [&Type "Double"]       1.4162714244859817e-03
   &ROTENERGY [&Type "Double"]       9.4418094965732118e-04
   &VIBENERGY [&Type "Double"]       1.4535765768344306e-17
   &NUMOFFREQS [&Type "Integer"] 9
   &FREQSCALINGFACTOR [&Type "Double"]       1.0000000000000000e+00
   &FREQ [&Type "ArrayOfDoubles", &Dim (9,1)] "In cm^-1"
                                                         0

0                                      0.0000000000000000e+00
1                                      0.0000000000000000e+00
2                                      0.0000000000000000e+00
3                                      0.0000000000000000e+00
4                                      0.0000000000000000e+00
5                                     -6.5853408574921214e+03
6                                     -6.5853408367979973e+03
7                                      7.3298549910693482e+03
8                                      1.4131679747976212e+04
   &ZPE [&Type "Double"]       4.8892973722687215e-02
   &INNERENERGYU [&Type "Double"]      -1.8267379829550507e+02
   &ENTHALPYH [&Type "Double"]      -1.8267285408646282e+02
   &QEL [&Type "Double"]       0.0000000000000000e+00
   &QROT [&Type "Double"]       5.6694481189886858e-03
   &QVIB [&Type "Double"]      -2.5703205237693278e-11
   &QTRANS [&Type "Double"]       1.7708800485862652e-02
   &ENTROPYS [&Type "Double"]       2.3378248579148133e-02
   &FREEENERGYG [&Type "Double"]      -1.8269623233504197e+02
   &ISLINEAR [&Type "Boolean"] true
$End
$Hessian
   &GeometryIndex 1
   &ListStatus       OUT
   &HESSIAN [&Type "ArrayOfDoubles", &Dim (9,9)] "The Hessian"
                                                         0                           1                           2                           3                           4                           5                           6                           7

0                                      6.5674221945536942e+01         6.2037959117447566e-07         7.6566024577512682e-08        -2.9045622286518530e+01         1.5970169853336588e-06         1.1732468099791797e-07        -3.6628599659018420e+01        -2.2117574948570312e-06
1                                      6.2037959117447566e-07        -1.4290512514194251e+01        -2.6355872230712310e-08         1.2963497145108497e-06         5.8667104998699955e+00         9.6699115746163299e-09        -1.9223683873364286e-06         8.4238020143242558e+00
2                                      7.6566024577512682e-08        -2.6355872230712310e-08        -1.4290512442128776e+01         2.5152065881358909e-07         8.6743172373756272e-09         5.8667104869428561e+00        -3.3195781082160445e-07         1.7682306124056234e-08
3                                     -2.9045622286518530e+01         1.2963497145108497e-06         2.5152065881358909e-07         2.9192322587868915e+01        -1.4629098265688998e-06        -1.6788838480332085e-07        -1.4670030135038664e-01         1.5947111086029591e-07
4                                      1.5970169853336588e-06         5.8667104998699955e+00         8.6743172373756272e-09        -1.4629098265688998e-06        -6.6774469894622417e+00        -4.0839684381499440e-09        -1.2701815756700456e-07         8.1073648959224642e-01
5                                      1.1732468099791797e-07         9.6699115746163299e-09         5.8667104869428561e+00        -1.6788838480332085e-07        -4.0839684381499440e-09        -6.6774469977803026e+00        -4.0282494005665931e-08        -5.5828484842287643e-09
6                                     -3.6628599659018420e+01        -1.9223683873364286e-06        -3.3195781082160445e-07        -1.4670030135038664e-01        -1.2701815756700456e-07        -4.0282494005665931e-08         3.6775299960368805e+01         2.0508364644500846e-06
7                                     -2.2117574948570312e-06         8.4238020143242558e+00         1.7682306124056234e-08         1.5947111086029591e-07         8.1073648959224642e-01        -5.5828484842287643e-09         2.0508364644500846e-06        -9.2345385039165020e+00
8                                     -1.9001957814492798e-07         1.6685209525376428e-08         8.4238019551859189e+00         7.2139238008005717e-09        -4.5934434514633041e-09         8.1073651083744658e-01         2.7752297958569890e-07        -1.2095611856870298e-08
                                                         8

0                                     -1.9001957814492798e-07
1                                      1.6685209525376428e-08
2                                      8.4238019551859189e+00
3                                      7.2139238008005717e-09
4                                     -4.5934434514633041e-09
5                                      8.1073651083744658e-01
6                                      2.7752297958569890e-07
7                                     -1.2095611856870298e-08
8                                     -9.2345384660233663e+00
   &MODES [&Type "ArrayOfDoubles", &Dim (9,9)] "The modes of vibrations"
                                                         0                           1                           2                           3                           4                           5                           6                           7

0                                      0.0000000000000000e+00         0.0000000000000000e+00         0.0000000000000000e+00         0.0000000000000000e+00         0.0000000000000000e+00         1.2731432745140879e-09        -2.7382680506218714e-10        -2.0271450652212874e-02
1                                      0.0000000000000000e+00         0.0000000000000000e+00         0.0000000000000000e+00         0.0000000000000000e+00         0.0000000000000000e+00        -2.3394639040845894e-01         7.6069080998471816e-02         1.2495187110257414e-08
2                                      0.0000000000000000e+00         0.0000000000000000e+00         0.0000000000000000e+00         0.0000000000000000e+00         0.0000000000000000e+00        -7.6069080998471761e-02        -2.3394639040845913e-01         2.0855120145136155e-09
3                                      0.0000000000000000e+00         0.0000000000000000e+00         0.0000000000000000e+00         0.0000000000000000e+00         0.0000000000000000e+00         8.6234437741141186e-09        -1.2679976966680113e-09         1.8379040161995053e-01
4                                      0.0000000000000000e+00         0.0000000000000000e+00         0.0000000000000000e+00         0.0000000000000000e+00         0.0000000000000000e+00         8.5000890665468745e-02        -2.7638552685872075e-02        -4.9979528853453616e-09
5                                      0.0000000000000000e+00         0.0000000000000000e+00         0.0000000000000000e+00         0.0000000000000000e+00         0.0000000000000000e+00         2.7638552685872054e-02         8.5000890665468801e-02        -8.1726112660124369e-10
6                                      0.0000000000000000e+00         0.0000000000000000e+00         0.0000000000000000e+00         0.0000000000000000e+00         0.0000000000000000e+00        -9.5792362579108867e-09         1.4735688943749704e-09        -1.6857192585373210e-01
7                                      0.0000000000000000e+00         0.0000000000000000e+00         0.0000000000000000e+00         0.0000000000000000e+00         0.0000000000000000e+00         9.0630717259776492e-02        -2.9469124786010194e-02        -4.3826141752877796e-09
8                                      0.0000000000000000e+00         0.0000000000000000e+00         0.0000000000000000e+00         0.0000000000000000e+00         0.0000000000000000e+00         2.9469124786010197e-02         9.0630717259776644e-02        -7.4840449358656121e-10
                                                         8

0                                      2.4520085190367480e-01
1                                      2.2311282207351500e-09
2                                      2.9735742753363628e-10
3                                     -7.7474962722821394e-02
4                                      3.5095315190664056e-09
5                                      2.6338109091251465e-10
6                                     -1.0660575683559086e-01
7                                     -5.1845162709052101e-09
8                                     -4.8661757901888624e-10
$End
