
$orca_hessian_file

$act_atom
  0

$act_coord
  0

$act_energy
        0.000000

$multiplicity
  1

$hessian
9
                    0                  1                  2                  3                  4        
    0      6.5674231419E+01   6.2029505763E-07   7.6660008335E-08  -2.9045626395E+01   1.5970823914E-06
    1      6.2029505763E-07  -1.4290509003E+01  -2.6374568595E-08   1.2962737283E-06   5.8667088348E+00
    2      7.6660008335E-08  -2.6374568595E-08  -1.4290508931E+01   2.5133104984E-07   9.8175701426E-09
    3     -2.9045626395E+01   1.2962737283E-06   2.5133104984E-07   2.9192326055E+01  -1.4628246068E-06
    4      1.5970823914E-06   5.8667088348E+00   9.8175701426E-09  -1.4628246068E-06  -6.6774468048E+00
    5      1.1742604710E-07   8.5714313473E-09   5.8667088218E+00  -1.6783719797E-07  -4.1039518471E-09
    6     -3.6628605024E+01  -1.9222712466E-06  -3.3188997070E-07  -1.4669966015E-01  -1.2713618038E-07
    7     -2.2116749884E-06   8.4238001680E+00   1.6557783436E-08   1.5942927418E-07   8.1073796996E-01
    8     -1.9018714291E-07   1.7802352264E-08   8.4238001089E+00   7.3389073612E-09  -5.7170901469E-09
                    5                  6                  7                  8        
     0      1.1742604710E-07  -3.6628605024E+01  -2.2116749884E-06  -1.9018714291E-07
     1      8.5714313473E-09  -1.9222712466E-06   8.4238001680E+00   1.7802352264E-08
     2      5.8667088218E+00  -3.3188997070E-07   1.6557783436E-08   8.4238001089E+00
     3     -1.6783719797E-07  -1.4669966015E-01   1.5942927418E-07   7.3389073612E-09
     4     -4.1039518471E-09  -1.2713618038E-07   8.1073796996E-01  -5.7170901469E-09
     5     -6.6774468130E+00  -4.0421608365E-08  -4.4640076488E-09   8.1073799121E-01
     6     -4.0421608365E-08   3.6775304684E+01   2.0508265706E-06   2.7757990731E-07
     7     -4.4640076488E-09   2.0508265706E-06  -9.2345381380E+00  -1.2089518952E-08
     8      8.1073799121E-01   2.7757990731E-07  -1.2089518952E-08  -9.2345381001E+00

$vibrational_frequencies
9
    0        0.0000000000000000
    1        0.0000000000000000
    2        0.0000000000000000
    3        0.0000000000000000
    4        0.0000000000000000
    5    -6585.3400503627690341
    6    -6585.3400296451063696
    7     7329.8553686015920903
    8    14131.6807681341415446

$normal_modes
9 9
                    0                  1                  2                  3                  4        
    0      0.0000000000E+00   0.0000000000E+00   0.0000000000E+00   0.0000000000E+00   0.0000000000E+00
    1      0.0000000000E+00   0.0000000000E+00   0.0000000000E+00   0.0000000000E+00   0.0000000000E+00
    2      0.0000000000E+00   0.0000000000E+00   0.0000000000E+00   0.0000000000E+00   0.0000000000E+00
    3      0.0000000000E+00   0.0000000000E+00   0.0000000000E+00   0.0000000000E+00   0.0000000000E+00
    4      0.0000000000E+00   0.0000000000E+00   0.0000000000E+00   0.0000000000E+00   0.0000000000E+00
    5      0.0000000000E+00   0.0000000000E+00   0.0000000000E+00   0.0000000000E+00   0.0000000000E+00
    6      0.0000000000E+00   0.0000000000E+00   0.0000000000E+00   0.0000000000E+00   0.0000000000E+00
    7      0.0000000000E+00   0.0000000000E+00   0.0000000000E+00   0.0000000000E+00   0.0000000000E+00
    8      0.0000000000E+00   0.0000000000E+00   0.0000000000E+00   0.0000000000E+00   0.0000000000E+00
                    5                  6                  7                  8        
     0     -4.5704140359E-09   9.8086275538E-10  -8.1016911225E-02   8.8084079626E-01
     1      8.3992363456E-01  -2.7295484013E-01   4.9935779555E-08   8.0139248082E-09
     2      2.7295484013E-01   8.3992363456E-01   8.3306241194E-09   1.0691385457E-09
     3     -3.0957045523E-08   4.5497532200E-09   7.3453700083E-01  -2.7831513328E-01
     4     -3.0517357803E-01   9.9174022228E-02  -1.9973916229E-08   1.2607739590E-08
     5     -9.9174022228E-02  -3.0517357803E-01  -3.2646915190E-09   9.4581056218E-10
     6      3.4388212678E-08  -5.2861205811E-09  -6.7371481690E-01  -3.8296237181E-01
     7     -3.2538600536E-01   1.0574257161E-01  -1.7514592314E-08  -1.8624068786E-08
     8     -1.0574257161E-01  -3.2538600536E-01  -2.9893946243E-09  -1.7484498105E-09

#
# The atoms: label  mass x y z (in bohrs)
#
$atoms
3
 C     12.01100     -0.027112280930     0.000000039777     0.000000003435
 O     15.99900      1.173478810930    -0.000000015592    -0.000000001478
 O     15.99900     -1.153124688407    -0.000000014269    -0.000000001100

$actual_temperature
  0.000000

$frequency_scale_factor
  1.000000

$dipole_derivatives
9
    3.3902750493E+00    3.4035913198E-08    1.8287721487E-08
   -3.1681436585E-09    1.1857231473E+00    3.5647607149E-09
    2.1850610660E-08    3.5345749034E-09    1.1857231410E+00
   -1.7340149827E+00   -5.3768518012E-08   -1.7265924525E-08
    6.8674152776E-08   -6.2835928885E-01   -1.6347525583E-09
   -4.9078568119E-10   -1.5014162272E-09   -6.2835928500E-01
   -1.6562899557E+00    1.9733400732E-08   -9.6115624938E-10
   -4.4011407044E-08   -5.5715399250E-01   -1.9122639902E-09
   -1.8969885096E-08   -2.0286802362E-09   -5.5715399016E-01

#
# The IR spectrum
#  wavenumber eps Int TX TY TZ
#
$ir_spectrum
9
      0.00   0.00000000   0.00000000     0.000000     0.000000     0.000000
      0.00   0.00000000   0.00000000     0.000000     0.000000     0.000000
      0.00   0.00000000   0.00000000     0.000000     0.000000     0.000000
      0.00   0.00000000   0.00000000     0.000000     0.000000     0.000000
      0.00   0.00000000   0.00000000     0.000000     0.000000     0.000000
  -6585.34   0.00000000   0.00000000     0.000000     0.000000     0.000000
  -6585.34   0.00000000   0.00000000     0.000000     0.000000     0.000000
   7329.86   0.00225914  11.41676738    -0.009807     0.000000     0.000000
  14131.68   0.25167727 1271.87375535     0.074550     0.000000     0.000000


$end

