
$orca_hessian_file

$act_atom
  0

$act_coord
  0

$act_energy
      -76.382298

$multiplicity
  1

$hessian
9
                    0                  1                  2                  3                  4        
    0      1.3071352997E+00  -2.9108944823E-06  -3.6773671830E-07  -6.5356514370E-01   2.2497275406E-06
    1     -2.9108944823E-06  -1.7819129760E-01  -1.9080040657E-06   1.2961617612E-06   8.9094415541E-02
    2     -3.6773671830E-07  -1.9080040657E-06  -1.7818818244E-01  -1.4099551714E-06   1.4043545256E-06
    3     -6.5356514370E-01   1.2961617612E-06  -1.4099551714E-06   6.3208207362E-01   2.3944454303E-06
    4      2.2497275406E-06   8.9094415541E-02   1.4043545256E-06   2.3944454303E-06  -4.4580235035E-02
    5      3.1162952220E-06   5.5606413765E-07   8.9093284332E-02  -4.7395773155E-07  -7.7971465920E-08
    6     -6.5357015600E-01   9.5211820318E-07   1.8774573235E-06   2.1483070080E-02  -4.6806416496E-06
    7      1.3237814596E-06   8.9096882057E-02   1.0676984226E-06  -3.6541385127E-06  -4.4514180506E-02
    8     -2.8483239375E-06   7.8789104556E-07   8.9094898109E-02   2.6639776778E-06  -1.4366250617E-06
                    5                  6                  7                  8        
     0      3.1162952220E-06  -6.5357015600E-01   1.3237814596E-06  -2.8483239375E-06
     1      5.5606413765E-07   9.5211820318E-07   8.9096882057E-02   7.8789104556E-07
     2      8.9093284332E-02   1.8774573235E-06   1.0676984226E-06   8.9094898109E-02
     3     -4.7395773155E-07   2.1483070080E-02  -3.6541385127E-06   2.6639776778E-06
     4     -7.7971465920E-08  -4.6806416496E-06  -4.4514180506E-02  -1.4366250617E-06
     5     -4.4580726883E-02  -3.4224022653E-06  -3.6785066971E-07  -4.4512557449E-02
     6     -3.4224022653E-06   6.3208708592E-01   3.0294402498E-06   8.6464560075E-07
     7     -3.6785066971E-07   3.0294402498E-06  -4.4582701551E-02  -2.5556868375E-08
     8     -4.4512557449E-02   8.6464560075E-07  -2.5556868375E-08  -4.4582340660E-02

$vibrational_frequencies
9
    0        0.0000000000000000
    1        0.0000000000000000
    2        0.0000000000000000
    3        0.0000000000000000
    4        0.0000000000000000
    5    -1621.6837979014533175
    6    -1621.6613822997667285
    7     4000.7834940128573180
    8     4392.1999300668330761

$normal_modes
9 9
                    0                  1                  2                  3                  4        
    0      0.0000000000E+00   0.0000000000E+00   0.0000000000E+00   0.0000000000E+00   0.0000000000E+00
    1      0.0000000000E+00   0.0000000000E+00   0.0000000000E+00   0.0000000000E+00   0.0000000000E+00
    2      0.0000000000E+00   0.0000000000E+00   0.0000000000E+00   0.0000000000E+00   0.0000000000E+00
    3      0.0000000000E+00   0.0000000000E+00   0.0000000000E+00   0.0000000000E+00   0.0000000000E+00
    4      0.0000000000E+00   0.0000000000E+00   0.0000000000E+00   0.0000000000E+00   0.0000000000E+00
    5      0.0000000000E+00   0.0000000000E+00   0.0000000000E+00   0.0000000000E+00   0.0000000000E+00
    6      0.0000000000E+00   0.0000000000E+00   0.0000000000E+00   0.0000000000E+00   0.0000000000E+00
    7      0.0000000000E+00   0.0000000000E+00   0.0000000000E+00   0.0000000000E+00   0.0000000000E+00
    8      0.0000000000E+00   0.0000000000E+00   0.0000000000E+00   0.0000000000E+00   0.0000000000E+00
                    5                  6                  7                  8        
     0     -1.6655214175E-07  -5.4718560484E-08   1.7818319574E-06  -8.8749429148E-02
     1     -8.0179127952E-02  -3.8049554778E-02   1.9371328912E-08   1.7392856565E-07
     2     -3.8049554778E-02   8.0179127952E-02   2.8728157257E-07   2.1977833982E-08
     3      6.9688557089E-08   2.6704126155E-06  -7.0712092168E-01   7.0430066662E-01
     4      6.3630247855E-01   3.0196170289E-01  -1.5373091223E-07  -1.3889901451E-06
     5      3.0196170289E-01  -6.3630247854E-01  -2.2798701171E-06  -1.6102021265E-07
     6      2.5738310024E-06  -1.8019183206E-06   7.0709264040E-01   7.0433238590E-01
     7      6.3630254934E-01   3.0196173649E-01  -1.5373128150E-07  -1.3716081900E-06
     8      3.0196173649E-01  -6.3630254934E-01  -2.2798698427E-06  -1.8781249156E-07

#
# The atoms: label  mass x y z (in bohrs)
#
$atoms
3
 O     15.99900     -0.000000011036     0.000000002448    -0.000000003773
 H      1.00800      1.772797311844    -0.000000019428     0.000000029945
 H      1.00800     -1.772797136673    -0.000000019428     0.000000029945

$actual_temperature
  0.000000

$frequency_scale_factor
  1.000000

$dipole_derivatives
9
   -1.0713559112E+00   -1.8329393808E-07   -8.1023670065E-08
   -1.7816490895E-07   -8.4334770364E-01   -2.1313868044E-07
   -2.5677972292E-08   -3.7291862572E-08   -8.4334776291E-01
    5.3586893342E-01    1.4785664363E-06   -4.4593379170E-06
   -4.8975637504E-07    4.2174239077E-01   -3.2807603309E-07
   -1.0646609623E-07   -2.9336614830E-07    4.2174248934E-01
    5.3586836788E-01   -1.1964007844E-06    2.7427903082E-06
    4.3988495598E-07    4.2174212058E-01   -2.3076862987E-07
    4.6712628973E-07   -2.8802338769E-07    4.2174213415E-01

#
# The IR spectrum
#  wavenumber eps Int TX TY TZ
#
$ir_spectrum
9
      0.00   0.00000000   0.00000000     0.000000     0.000000     0.000000
      0.00   0.00000000   0.00000000     0.000000     0.000000     0.000000
      0.00   0.00000000   0.00000000     0.000000     0.000000     0.000000
      0.00   0.00000000   0.00000000     0.000000     0.000000     0.000000
      0.00   0.00000000   0.00000000     0.000000     0.000000     0.000000
  -1621.68   0.00000000   0.00000000     0.000000     0.000000     0.000000
  -1621.66   0.00000000   0.00000000     0.000000     0.000000     0.000000
   4000.78   0.00000000   0.00000031    -0.000002    -0.000000     0.000000
   4392.20   0.12374972 625.38036216     0.093768    -0.000000    -0.000000


$end

