
$orca_hessian_file

$act_atom
  0

$act_coord
  0

$act_energy
        0.000000

$multiplicity
  1

$hessian
9
                    0                  1                  2                  3                  4        
    0      1.3051878209E+00   5.8898171084E-09   2.2001398091E-08  -6.5261860835E-01   8.6401571455E-09
    1      5.8898171084E-09  -1.7716767508E-01   1.1002664583E-09  -9.8507123234E-08   8.8588405603E-02
    2      2.2001398091E-08   1.1002664583E-09  -1.7716767584E-01   9.4205611751E-08  -5.7161850563E-09
    3     -6.5261860835E-01  -9.8507123234E-08   9.4205611751E-08   6.3103006076E-01   3.3794450532E-08
    4      8.6401571455E-09   8.8588405603E-02  -5.7161850563E-09   3.3794450532E-08  -4.4215510950E-02
    5     -8.9027401571E-09  -5.7285692087E-09   8.8588388592E-02  -2.9726269922E-08   4.8044632708E-09
    6     -6.5256921256E-01   7.5163324339E-08  -1.1817619538E-07   2.1588547592E-02  -1.8671005875E-09
    7      2.9240075327E-09   8.8579269480E-02   4.6251599976E-09   2.4145165613E-08  -4.4372894652E-02
    8     -1.1129472394E-08   4.6190613507E-09   8.8579287251E-02  -7.8833206417E-08   9.1943040003E-10
                    5                  6                  7                  8        
     0     -8.9027401571E-09  -6.5256921256E-01   2.9240075327E-09  -1.1129472394E-08
     1     -5.7285692087E-09   7.5163324339E-08   8.8579269480E-02   4.6190613507E-09
     2      8.8588388592E-02  -1.1817619538E-07   4.6251599976E-09   8.8579287251E-02
     3     -2.9726269922E-08   2.1588547592E-02   2.4145165613E-08  -7.8833206417E-08
     4      4.8044632708E-09  -1.8671005875E-09  -4.4372894652E-02   9.1943040003E-10
     5     -4.4215497717E-02   5.2982874667E-08   9.1639732333E-10  -4.4372890875E-02
     6      5.2982874667E-08   6.3098066497E-01  -5.0182698449E-08   7.7577999764E-08
     7      9.1639732333E-10  -5.0182698449E-08  -4.4206374828E-02  -5.5400245358E-09
     8     -4.4372890875E-02   7.7577999764E-08  -5.5400245358E-09  -4.4206396377E-02

$vibrational_frequencies
9
    0        0.0000000000000000
    1        0.0000000000000000
    2        0.0000000000000000
    3        0.0000000000000000
    4        0.0000000000000000
    5    -1617.0150952582000627
    6    -1617.0150846322662801
    7     3996.9004141481468650
    8     4388.9267944200119018

$normal_modes
9 9
                    0                  1                  2                  3                  4        
    0      0.0000000000E+00   0.0000000000E+00   0.0000000000E+00   0.0000000000E+00   0.0000000000E+00
    1      0.0000000000E+00   0.0000000000E+00   0.0000000000E+00   0.0000000000E+00   0.0000000000E+00
    2      0.0000000000E+00   0.0000000000E+00   0.0000000000E+00   0.0000000000E+00   0.0000000000E+00
    3      0.0000000000E+00   0.0000000000E+00   0.0000000000E+00   0.0000000000E+00   0.0000000000E+00
    4      0.0000000000E+00   0.0000000000E+00   0.0000000000E+00   0.0000000000E+00   0.0000000000E+00
    5      0.0000000000E+00   0.0000000000E+00   0.0000000000E+00   0.0000000000E+00   0.0000000000E+00
    6      0.0000000000E+00   0.0000000000E+00   0.0000000000E+00   0.0000000000E+00   0.0000000000E+00
    7      0.0000000000E+00   0.0000000000E+00   0.0000000000E+00   0.0000000000E+00   0.0000000000E+00
    8      0.0000000000E+00   0.0000000000E+00   0.0000000000E+00   0.0000000000E+00   0.0000000000E+00
                    5                  6                  7                  8        
     0      8.6869364954E-10   1.0516478468E-09   1.7547433762E-05   8.8749427005E-02
     1      5.1499077040E-02  -7.2279362489E-02  -7.3572643466E-09   3.5403143850E-10
     2     -7.2279362489E-02  -5.1499077040E-02   1.4834148791E-08   1.3144412552E-09
     3      1.3863598730E-07   1.4936430911E-08   7.0696751072E-01  -7.0447269458E-01
     4     -4.0869979924E-01   5.7361340505E-01   5.8388834082E-08   2.8939008497E-09
     5      5.7361340505E-01   4.0869979924E-01  -1.1772737784E-07  -2.3785924337E-08
     6     -1.5242391353E-07  -3.1628210537E-08  -7.0724602401E-01  -7.0416032393E-01
     7     -4.0869477771E-01   5.7360635730E-01   5.8385840787E-08  -8.5130962649E-09
     8      5.7360635730E-01   4.0869477771E-01  -1.1772058506E-07   2.9230815029E-09

#
# The atoms: label  mass x y z (in bohrs)
#
$atoms
3
 O     15.99900      0.000001219144     0.000000001607    -0.000000003763
 H      1.00800      1.773340368729    -0.000000012753     0.000000029861
 H      1.00800     -1.773359719007    -0.000000012753     0.000000029862

$actual_temperature
  0.000000

$frequency_scale_factor
  1.000000

$dipole_derivatives
9
   -1.0718125099E+00   -3.9483679979E-10    1.0734078832E-09
    8.0693994775E-10   -8.4177132063E-01    3.9810363082E-09
   -1.3412543509E-08    3.9124822684E-09   -8.4177133185E-01
    5.3588547216E-01   -3.6313021757E-09    2.1007954783E-08
    4.2751912879E-09    4.2087228537E-01   -1.6052704736E-09
   -8.1957980497E-09   -1.5618189490E-09    4.2087228943E-01
    5.3588983382E-01    4.0247250443E-09   -2.2111401076E-08
   -5.1488183057E-09    4.2087363252E-01   -2.4208056928E-09
    2.1634852089E-08   -2.3655488463E-09    4.2087363736E-01

#
# The IR spectrum
#  wavenumber eps Int TX TY TZ
#
$ir_spectrum
9
      0.00   0.00000000   0.00000000     0.000000     0.000000     0.000000
      0.00   0.00000000   0.00000000     0.000000     0.000000     0.000000
      0.00   0.00000000   0.00000000     0.000000     0.000000     0.000000
      0.00   0.00000000   0.00000000     0.000000     0.000000     0.000000
      0.00   0.00000000   0.00000000     0.000000     0.000000     0.000000
  -1617.02   0.00000000   0.00000000     0.000000     0.000000     0.000000
  -1617.02   0.00000000   0.00000000     0.000000     0.000000     0.000000
   3996.90   0.00000001   0.00002833    -0.000021     0.000000    -0.000000
   4388.93   0.12376931 625.47936324    -0.093810    -0.000000    -0.000000


$end

