
$orca_hessian_file

$act_atom
  0

$act_coord
  0

$act_energy
        0.000000

$multiplicity
  1

$hessian
9
                    0                  1                  2                  3                  4        
    0      1.3076699892E+00  -9.9372234716E-09   2.3595645936E-08  -6.5383474384E-01   1.4740674884E-08
    1     -9.9372234716E-09  -1.7757045644E-01   3.2668885467E-09  -7.1601939098E-08   8.8785206743E-02
    2      2.3595645936E-08   3.2668885467E-09  -1.7757047671E-01  -6.2068047771E-08  -4.4843312925E-09
    3     -6.5383474384E-01  -7.1601939098E-08  -6.2068047771E-08   6.3224550644E-01   1.3302805396E-08
    4      1.4740674884E-08   8.8785206743E-02  -4.4843312925E-09   1.3302805396E-08  -4.4406787090E-02
    5     -3.4726521336E-09  -4.4932881226E-09   8.8785196720E-02   5.0024128955E-08   2.4311128585E-09
    6     -6.5383524537E-01   5.1226636614E-08   2.4072067322E-08   2.1589237407E-02   2.0125034216E-08
    7      2.5509074543E-08   8.8785249694E-02   1.2178524588E-09   1.0130619205E-08  -4.4378419653E-02
    8     -5.7226592892E-09   1.2259898628E-09   8.8785279995E-02  -2.4923481381E-09   2.0546063067E-09
                    5                  6                  7                  8        
     0     -3.4726521336E-09  -6.5383524537E-01   2.5509074543E-08  -5.7226592892E-09
     1     -4.4932881226E-09   5.1226636614E-08   8.8785249694E-02   1.2259898628E-09
     2      8.8785196720E-02   2.4072067322E-08   1.2178524588E-09   8.8785279995E-02
     3      5.0024128955E-08   2.1589237407E-02   1.0130619205E-08  -2.4923481381E-09
     4      2.4311128585E-09   2.0125034216E-08  -4.4378419653E-02   2.0546063067E-09
     5     -4.4406777644E-02  -3.2015209867E-08   2.0607873914E-09  -4.4378419076E-02
     6     -3.2015209867E-08   6.3224600796E-01  -5.3495682290E-08   8.0790749859E-09
     7      2.0607873914E-09  -5.3495682290E-08  -4.4406830041E-02  -3.2796180098E-09
     8     -4.4378419076E-02   8.0790749859E-09  -3.2796180098E-09  -4.4406860919E-02

$vibrational_frequencies
9
    0        0.0000000000000000
    1        0.0000000000000000
    2        0.0000000000000000
    3        0.0000000000000000
    4        0.0000000000000000
    5    -1618.8522382460996596
    6    -1618.8521411316576177
    7     4000.9637087210230675
    8     4393.0981625090516900

$normal_modes
9 9
                    0                  1                  2                  3                  4        
    0      0.0000000000E+00   0.0000000000E+00   0.0000000000E+00   0.0000000000E+00   0.0000000000E+00
    1      0.0000000000E+00   0.0000000000E+00   0.0000000000E+00   0.0000000000E+00   0.0000000000E+00
    2      0.0000000000E+00   0.0000000000E+00   0.0000000000E+00   0.0000000000E+00   0.0000000000E+00
    3      0.0000000000E+00   0.0000000000E+00   0.0000000000E+00   0.0000000000E+00   0.0000000000E+00
    4      0.0000000000E+00   0.0000000000E+00   0.0000000000E+00   0.0000000000E+00   0.0000000000E+00
    5      0.0000000000E+00   0.0000000000E+00   0.0000000000E+00   0.0000000000E+00   0.0000000000E+00
    6      0.0000000000E+00   0.0000000000E+00   0.0000000000E+00   0.0000000000E+00   0.0000000000E+00
    7      0.0000000000E+00   0.0000000000E+00   0.0000000000E+00   0.0000000000E+00   0.0000000000E+00
    8      0.0000000000E+00   0.0000000000E+00   0.0000000000E+00   0.0000000000E+00   0.0000000000E+00
                    5                  6                  7                  8        
     0     -1.4850218359E-09  -3.6773972705E-10   1.7793830298E-07  -8.8749429170E-02
     1     -1.3775836607E-02  -8.7673756072E-02   4.0243410401E-09   5.9379928207E-10
     2      8.7673756072E-02  -1.3775836607E-02   4.5833773240E-09  -1.4099315118E-09
     3      4.6526178841E-08  -3.8799474100E-08  -7.0710819331E-01   7.0431494265E-01
     4      1.0932519723E-01   6.9577993322E-01  -3.1937197613E-08  -1.3403452241E-08
     5     -6.9577993322E-01   1.0932519723E-01  -3.6373756899E-08   2.4585362393E-08
     6     -2.2955876786E-08   4.4636247779E-08   7.0710536906E-01   7.0431811022E-01
     7      1.0932520939E-01   6.9578001063E-01  -3.1937239217E-08   3.9786558959E-09
     8     -6.9578001063E-01   1.0932520939E-01  -3.6373717109E-08  -2.2068958634E-09

#
# The atoms: label  mass x y z (in bohrs)
#
$atoms
3
 O     15.99900     -0.000000011036     0.000000002448    -0.000000003773
 H      1.00800      1.772797311844    -0.000000019428     0.000000029945
 H      1.00800     -1.772797136673    -0.000000019428     0.000000029945

$actual_temperature
  0.000000

$frequency_scale_factor
  1.000000

$dipole_derivatives
9
   -1.0715829233E+00    7.2904540566E-11   -5.5635305240E-10
   -1.2975935881E-09   -8.4194682106E-01   -3.3154862335E-11
   -6.1179362500E-10   -3.0724902887E-10   -8.4194682577E-01
    5.3577310645E-01    3.0131852493E-09   -4.0964584864E-09
    1.2587274578E-09    4.2096076121E-01    3.5784518259E-10
    2.4699923094E-09    4.4468509864E-10    4.2096076362E-01
    5.3577281831E-01   -3.2071379881E-09    4.6452498541E-09
    2.5993623274E-11    4.2096067368E-01   -3.7280160645E-10
   -1.8815179634E-09   -2.5360071401E-10    4.2096067607E-01

#
# The IR spectrum
#  wavenumber eps Int TX TY TZ
#
$ir_spectrum
9
      0.00   0.00000000   0.00000000     0.000000     0.000000     0.000000
      0.00   0.00000000   0.00000000     0.000000     0.000000     0.000000
      0.00   0.00000000   0.00000000     0.000000     0.000000     0.000000
      0.00   0.00000000   0.00000000     0.000000     0.000000     0.000000
      0.00   0.00000000   0.00000000     0.000000     0.000000     0.000000
  -1618.85   0.00000000   0.00000000     0.000000     0.000000     0.000000
  -1618.85   0.00000000   0.00000000     0.000000     0.000000     0.000000
   4000.96   0.00000000   0.00000000    -0.000000    -0.000000    -0.000000
   4393.10   0.12371634 625.21166439     0.093745    -0.000000     0.000000


$end

