*************************************************
******************* ORCA 6.0.1 ******************
*************************************************
$Calculation_Status
   &GeometryIndex 1
   &ListStatus       OUT
   &VERSION [&Type "String"] "6.0.1"
   &PROGNAME [&Type "String"] "LeanSCF"
   &STATUS [&Type "String"] "NORMAL TERMINATION"
$End
$Geometry
   &GeometryIndex 1
   &ListStatus       OUT
   &NATOMS [&Type "Integer"] 3
   &NCORELESSECP [&Type "Integer"] 0
   &NGHOSTATOMS [&Type "Integer"] 0
   &CartesianCoordinates [&Type "Coordinates", &Dim(3,4), &Units "Bohr"] 
              C     -0.000002648262    0.002622863718    0.054693754089
              O      1.163303528468   -0.000853082281   -0.017788892175
              O     -1.163300881717   -0.000853033148   -0.017787937108
$End
$SCF_Energy
   &GeometryIndex 1
   &ListStatus       OUT
   &SCF_ENERGY [&Type "Double"]      -1.8280744763884837e+02
$End
$DFT_Energy
   &GeometryIndex 1
   &ListStatus       OUT
   &NALPHAEL [&Type "Integer"] 11
   &NBETAEL [&Type "Integer"] 11
   &NTOTALEL [&Type "Integer"] 22
   &EEXCHANGE [&Type "Double"]      -1.8840706325779351e+01
   &ECORR [&Type "Double"]      -1.0015554783663714e+00
   &ECNL [&Type "Double"]       0.0000000000000000e+00
   &EXC [&Type "Double"]      -1.9842261804145721e+01
   &EEMBED [&Type "Double"]       0.0000000000000000e+00
   &FINALEN [&Type "Double"]      -1.8280744763884837e+02  "No Van der Waals correction"
$End
$Mulliken_Population_Analysis
   &GeometryIndex 1
   &ListStatus       OUT
   &NATOMS [&Type "Integer"] 3
   &ATNO [&Type "ArrayOfIntegers", &Dim (3,1)] 
                                                         0

0                                                        6
1                                                        8
2                                                        8
   &ATOMICCHARGES [&Type "ArrayOfDoubles", &Dim (3,1)] 
                                                         0

0                                      3.9218153603348310e-01
1                                      3.0389719004558408e-01
2                                      3.0392127392094764e-01
$End
$Loewdin_Population_Analysis
   &GeometryIndex 1
   &ListStatus       OUT
   &NATOMS [&Type "Integer"] 3
   &ATNO [&Type "ArrayOfIntegers", &Dim (3,1)] 
                                                         0

0                                                        6
1                                                        8
2                                                        8
   &ATOMICCHARGES [&Type "ArrayOfDoubles", &Dim (3,1)] 
                                                         0

0                                      4.1876223148053893e-01
1                                      2.9061047578868060e-01
2                                      2.9062729273077925e-01
$End
$Mayer_Population_Analysis
   &GeometryIndex 1
   &ListStatus       OUT
   &NATOMS [&Type "Integer"] 3 "Total number of atoms"
   &BONDTHRESH [&Type "Double"]       1.0000000000000001e-01  "The threshold for printing"
   &NBONDORDERSPRINT [&Type "Integer"] 3 "The number of bond orders larger than threshold"
   &BONDORDERS [&Type "ArrayOfDoubles", &Dim (3,1)] "The bond orders"
                                                         0

0                                      1.8569925091107113e+00
1                                      1.8570050179903930e+00
2                                      1.3029749490014331e+00
   &COMPONENTS [&Type "ArrayOfIntegers", &Dim (3,4)] "The indices and atomic numbers of the bonding atoms"
                                                         0                           1                           2                           3

0                                                        0                           6                           1                           8
1                                                        0                           6                           2                           8
2                                                        1                           8                           2                           8
   &ATNO [&Type "ArrayOfIntegers", &Dim (3,1)] "Atomic number of the elements"
                                                         0

0                                                        6
1                                                        8
2                                                        8
   &NA [&Type "ArrayOfDoubles", &Dim (3,1)] "Mulliken gross atomic population"
                                                         0

0                                      5.8925878791717841e+00
1                                      8.0537168574398237e+00
2                                      8.0536952633884429e+00
   &ZA [&Type "ArrayOfDoubles", &Dim (3,1)] "Total nuclear charge"
                                                         0

0                                      6.0000000000000000e+00
1                                      8.0000000000000000e+00
2                                      8.0000000000000000e+00
   &QA [&Type "ArrayOfDoubles", &Dim (3,1)] "Mulliken gross atomic charge"
                                                         0

0                                      1.0741212082821594e-01
1                                     -5.3716857439823684e-02
2                                     -5.3695263388442882e-02
   &VA [&Type "ArrayOfDoubles", &Dim (3,1)] "Mayer's total valence"
                                                         0

0                                      3.7139975271010477e+00
1                                      3.1599674581120776e+00
2                                      3.1599799669918021e+00
   &BVA [&Type "ArrayOfDoubles", &Dim (3,1)] "Mayer's bonded valence"
                                                         0

0                                      3.7139975271011041e+00
1                                      3.1599674581121446e+00
2                                      3.1599799669918260e+00
   &FA [&Type "ArrayOfDoubles", &Dim (3,1)] "Mayer's free valence"
                                                         0

0                                      0.0000000000000000e+00
1                                      0.0000000000000000e+00
2                                      0.0000000000000000e+00
$End
$Calculation_Info
   &GeometryIndex 1
   &ListStatus       OUT
   &MULT [&Type "Integer"] 1
   &CHARGE [&Type "Integer"] 0
   &NUMOFATOMS [&Type "Integer"] 3
   &NUMOFELECTRONS [&Type "Integer"] 22
   &NUMOFFCELECTRONS [&Type "Integer"] 1
   &NUMOFCORRELECTRONS [&Type "Integer"] 0
   &NUMOFBASISFUNCTS [&Type "Integer"] 42
   &NUMOFAUXCBASISFUNCTS [&Type "Integer"] 0
   &NUMOFAUXJBASISFUNCTS [&Type "Integer"] 147
   &NUMOFAUXJKBASISFUNCTS [&Type "Integer"] 0
   &NUMOFCABSBASISFUNCTS [&Type "Integer"] 0
   &TOTALENERGY [&Type "Double"]      -1.8280744763884837e+02  "Hartrees"
$End
$SCF_Dipole_Moment
   &GeometryIndex 1
   &ListStatus       OUT
   &METHOD [&Type "String"] "SCF"
   &LEVEL [&Type "String"] "Relaxed density"
   &MULT [&Type "Integer"] 1
   &STATE [&Type "Integer"] -1
   &IRREP [&Type "Integer"] 0
   &NATOMS [&Type "Integer"] 3
   &DODIPOLEATOM [&Type "Boolean"] false
   &DIPOLEELECCONTRIB [&Type "ArrayOfDoubles", &Dim (3,1)] "Electronic contribution"
                                                         0

0                                     -1.3724059503377600e-05
1                                      4.1303255511037258e-03
2                                      8.6127439650048140e-02
   &DIPOLENUCCONTRIB [&Type "ArrayOfDoubles", &Dim (3,1)] "Nuclear contribution"
                                                         0

0                                      1.6966204441359878e-08
1                                     -1.4848626975113785e-05
2                                     -3.0963320497889857e-04
   &DIPOLETOTAL [&Type "ArrayOfDoubles", &Dim (3,1)] "Total"
                                                         0

0                                     -1.3707093298936240e-05
1                                      4.1154769241286120e-03
2                                      8.5817806445069242e-02
   &DIPOLEMAGNITUDE [&Type "Double", &Units "a.u."]       8.5916431730145834e-02
$End
$SCF_Polarizability
   &GeometryIndex 1
   &ListStatus       OUT
   &METHOD [&Type "String"] "SCF"
   &LEVEL [&Type "String"] "Relaxed density"
   &MULT [&Type "Integer"] 1
   &STATE [&Type "Integer"] -1
   &IRREP [&Type "Integer"] 0
   &NATOMS [&Type "Integer"] 3
   &DODIPOLEATOM [&Type "Boolean"] false
   &RAWCARTESIAN [&Type "ArrayOfDoubles", &Units "a.u", &Dim (3,3)] 
                                                         0                           1                           2

0                                      8.4070596643242332e+00        -9.6663113680387457e-08        -1.8196420986969298e-06
1                                     -9.6663113680387457e-08         4.1742574802586123e+00         1.9864604964559569e-03
2                                     -1.8196420986969298e-06         1.9864604964559569e-03         4.2156348228302658e+00
   &DIAGONALIZEDTENSOR [&Type "ArrayOfDoubles", &Dim (3,1)] 
                                                         0

0                                      4.1741623322400603e+00
1                                      4.2157299708480229e+00
2                                      8.4070596643250237e+00
   &ORIENTATION [&Type "ArrayOfDoubles", &Dim (3,3)] 
                                                         0                           1                           2

0                                      2.2430315888255381e-09         4.3475058248906946e-07        -9.9999999999990541e-01
1                                      9.9885484799691238e-01         4.7843417865616272e-02         2.3040416761662720e-08
2                                     -4.7843417865621775e-02         9.9885484799681845e-01         4.3414541269110147e-07
   &ISOTROPICPOLAR [&Type "Double"]       5.5989839891377020e+00
$End
$THERMOCHEMISTRY_Energies
   &GeometryIndex 1
   &ListStatus       OUT
   &TEMPERATURE [&Type "Double"]       2.9814999999999998e+02
   &PRESSURE [&Type "Double"]       1.0000000000000000e+00
   &TOTALMASS [&Type "Double"]       4.4009000000000000e+01
   &SPINDEGENERACY [&Type "Integer"] 1
   &ELENERGY [&Type "Double"]      -1.8280744763884837e+02
   &TRANSENERGY [&Type "Double"]       1.4162714244859817e-03
   &ROTENERGY [&Type "Double"]       1.4162714244859817e-03
   &VIBENERGY [&Type "Double"]       1.2168800690764620e-17
   &NUMOFFREQS [&Type "Integer"] 9
   &FREQSCALINGFACTOR [&Type "Double"]       1.0000000000000000e+00
   &FREQ [&Type "ArrayOfDoubles", &Dim (9,1)] "In cm^-1"
                                                         0

0                                      0.0000000000000000e+00
1                                      0.0000000000000000e+00
2                                      0.0000000000000000e+00
3                                      0.0000000000000000e+00
4                                      0.0000000000000000e+00
5                                      0.0000000000000000e+00
6                                     -6.4690944869476307e+03
7                                      7.3677561713202422e+03
8                                      1.3990414407949082e+04
   &ZPE [&Type "Double"]       4.8657492839830653e-02
   &INNERENERGYU [&Type "Double"]      -1.8275595760315957e+02
   &ENTHALPYH [&Type "Double"]      -1.8275501339411733e+02
   &QEL [&Type "Double"]       0.0000000000000000e+00
   &QROT [&Type "Double"]       5.1575365749911683e-03
   &QVIB [&Type "Double"]      -2.5399663214793857e-11
   &QTRANS [&Type "Double"]       1.7708800485862652e-02
   &ENTROPYS [&Type "Double"]       2.2866337035454161e-02
   &FREEENERGYG [&Type "Double"]      -1.8277787973115278e+02
   &ISLINEAR [&Type "Boolean"] false
$End
$Hessian
   &GeometryIndex 1
   &ListStatus       OUT
   &HESSIAN [&Type "ArrayOfDoubles", &Dim (9,9)] "The Hessian"
                                                         0                           1                           2                           3                           4                           5                           6                           7

0                                      6.4595490546862422e+01         2.3092744359937134e-06         4.9776697353731691e-05        -3.2297343734333211e+01         1.1736479312330686e-01         2.4476706470570404e+00        -3.2298146812529211e+01        -1.1736705267010007e-01
1                                      2.3092744359937134e-06        -1.3955469832306459e+01         1.2858233625434510e-02         9.8424061358577813e-02         6.9775997653952686e+00        -6.4287486229088024e-03        -9.8426420360656589e-02         6.9778700669111897e+00
2                                      4.9776697353731691e-05         1.2858233625434510e-02        -1.3686006441198547e+01         2.0516940548698939e+00        -6.4293867439684637e-03         6.8428692680118797e+00        -2.0517439503374506e+00        -6.4294869056095447e-03
3                                     -3.2297343734333211e+01         9.8424061358577813e-02         2.0516940548698939e+00         3.2448958134341296e+01        -1.0789456164643743e-01        -2.2496838245278350e+00        -1.5161440000808776e-01         9.4780547863055637e-03
4                                      1.1736479312330686e-01         6.9775997653952686e+00        -6.4293867439684637e-03        -1.0789456164643743e-01        -7.7889940145769083e+00         6.8591963422397527e-03        -9.4777859753153761e-03         8.1139424918164005e-01
5                                      2.4476706470570404e+00        -6.4287486229088024e-03         6.8428692680118797e+00        -2.2496838245278350e+00         6.8591963422397527e-03        -7.6452965891166809e+00        -1.9797924726350052e-01        -4.3013084939449867e-04
6                                     -3.2298146812529211e+01        -9.8426420360656589e-02        -2.0517439503374506e+00        -1.5161440000808776e-01        -9.4777859753153761e-03        -1.9797924726350052e-01         3.2449761212537297e+01         1.0789660210988324e-01
7                                     -1.1736705267010007e-01         6.9778700669111897e+00        -6.4294869056095447e-03         9.4780547863055637e-03         8.1139424918164005e-01        -4.3013084939449867e-04         1.0789660210988324e-01        -7.7892643160928294e+00
8                                     -2.4477203049841911e+00        -6.4288449783822072e-03         6.8431371731866664e+00         1.9798219439223638e-01        -4.3012646820774153e-04         8.0242732110480075e-01         2.2497306540964530e+00         6.8592946007969965e-03
                                                         8

0                                     -2.4477203049841911e+00
1                                     -6.4288449783822072e-03
2                                      6.8431371731866664e+00
3                                      1.9798219439223638e-01
4                                     -4.3012646820774153e-04
5                                      8.0242732110480075e-01
6                                      2.2497306540964530e+00
7                                      6.8592946007969965e-03
8                                     -7.6455644942914667e+00
   &MODES [&Type "ArrayOfDoubles", &Dim (9,9)] "The modes of vibrations"
                                                         0                           1                           2                           3                           4                           5                           6                           7

0                                      0.0000000000000000e+00         0.0000000000000000e+00         0.0000000000000000e+00         0.0000000000000000e+00         0.0000000000000000e+00         0.0000000000000000e+00         6.8562394396413817e-08         2.2160561104735055e-06
1                                      0.0000000000000000e+00         0.0000000000000000e+00         0.0000000000000000e+00         0.0000000000000000e+00         0.0000000000000000e+00         0.0000000000000000e+00        -1.1758267882066402e-02        -7.9792985604968563e-04
2                                      0.0000000000000000e+00         0.0000000000000000e+00         0.0000000000000000e+00         0.0000000000000000e+00         0.0000000000000000e+00         0.0000000000000000e+00        -2.4519103009485149e-01        -1.6638951018107702e-02
3                                      0.0000000000000000e+00         0.0000000000000000e+00         0.0000000000000000e+00         0.0000000000000000e+00         0.0000000000000000e+00         0.0000000000000000e+00         1.1969095069231512e-02        -1.7637739884895148e-01
4                                      0.0000000000000000e+00         0.0000000000000000e+00         0.0000000000000000e+00         0.0000000000000000e+00         0.0000000000000000e+00         0.0000000000000000e+00         4.4136529700269682e-03         2.9952189181653525e-04
5                                      0.0000000000000000e+00         0.0000000000000000e+00         0.0000000000000000e+00         0.0000000000000000e+00         0.0000000000000000e+00         0.0000000000000000e+00         9.2036355461477398e-02         6.2458195366093669e-03
6                                      0.0000000000000000e+00         0.0000000000000000e+00         0.0000000000000000e+00         0.0000000000000000e+00         0.0000000000000000e+00         0.0000000000000000e+00        -1.1969146541380943e-02         1.7637573517935068e-01
7                                      0.0000000000000000e+00         0.0000000000000000e+00         0.0000000000000000e+00         0.0000000000000000e+00         0.0000000000000000e+00         0.0000000000000000e+00         4.4136834592186022e-03         2.9951151658482708e-04
8                                      0.0000000000000000e+00         0.0000000000000000e+00         0.0000000000000000e+00         0.0000000000000000e+00         0.0000000000000000e+00         0.0000000000000000e+00         9.2036990526975684e-02         6.2456137203748350e-03
                                                         8

0                                     -2.4590683587420117e-01
1                                     -9.4331233006693120e-09
2                                     -2.0404951313609261e-07
3                                      9.2303774518043363e-02
4                                     -2.7580285595260568e-04
5                                     -5.7512173237905043e-03
6                                      9.2306951507647589e-02
7                                      2.7580993772292385e-04
8                                      5.7513705107836597e-03
$End
