
$orca_hessian_file

$act_atom
  0

$act_coord
  0

$act_energy
        0.000000

$multiplicity
  1

$hessian
9
                    0                  1                  2                  3                  4        
    0      6.4595830242E+01   2.3093542992E-06   4.9806177412E-05  -3.2297513627E+01   1.1736472793E-01
    1      2.3093542992E-06  -1.3955282252E+01   1.2857185435E-02   9.8420572574E-02   6.9775059643E+00
    2      4.9806177412E-05   1.2857185435E-02  -1.3685841056E+01   2.0516213623E+00  -6.4288624953E-03
    3     -3.2297513627E+01   9.8420572574E-02   2.0516213623E+00   3.2449122392E+01  -1.0789278340E-01
    4      1.1736472793E-01   6.9775059643E+00  -6.4288624953E-03  -1.0789278340E-01  -7.7889654252E+00
    5      2.4476693182E+00  -6.4282245896E-03   6.8427865658E+00  -2.2496468186E+00   6.8589039290E-03
    6     -3.2298316615E+01  -9.8422931653E-02  -2.0516712872E+00  -1.5160876475E-01  -9.4794985503E-03
    7     -1.1736698756E-01   6.9777762880E+00  -6.4289631302E-03   9.4797648603E-03   8.1145946082E-01
    8     -2.4477190056E+00  -6.4283206554E-03   6.8430544897E+00   1.9801788113E-01  -4.3035838674E-04
                    5                  6                  7                  8        
     0      2.4476693182E+00  -3.2298316615E+01  -1.1736698756E-01  -2.4477190056E+00
     1     -6.4282245896E-03  -9.8422931653E-02   6.9777762880E+00  -6.4283206554E-03
     2      6.8427865658E+00  -2.0516712872E+00  -6.4289631302E-03   6.8430544897E+00
     3     -2.2496468186E+00  -1.5160876475E-01   9.4797648603E-03   1.9801788113E-01
     4      6.8589039290E-03  -9.4794985503E-03   8.1145946082E-01  -4.3035838674E-04
     5     -7.6452741863E+00  -1.9801492453E-01  -4.3036238637E-04   8.0248762041E-01
     6     -1.9801492453E-01   3.2449925379E+01   1.0789482645E-01   2.2496936681E+00
     7     -4.3036238637E-04   1.0789482645E-01  -7.7892357488E+00   6.8590022793E-03
     8      8.0248762041E-01   2.2496936681E+00   6.8590022793E-03  -7.6455421101E+00

$vibrational_frequencies
9
    0        0.0000000000000000
    1        0.0000000000000000
    2        0.0000000000000000
    3        0.0000000000000000
    4        0.0000000000000000
    5        0.0000000000000000
    6    -6469.0535035584389334
    7     7367.7719100911599526
    8    13990.4510902848505793

$normal_modes
9 9
                    0                  1                  2                  3                  4        
    0      0.0000000000E+00   0.0000000000E+00   0.0000000000E+00   0.0000000000E+00   0.0000000000E+00
    1      0.0000000000E+00   0.0000000000E+00   0.0000000000E+00   0.0000000000E+00   0.0000000000E+00
    2      0.0000000000E+00   0.0000000000E+00   0.0000000000E+00   0.0000000000E+00   0.0000000000E+00
    3      0.0000000000E+00   0.0000000000E+00   0.0000000000E+00   0.0000000000E+00   0.0000000000E+00
    4      0.0000000000E+00   0.0000000000E+00   0.0000000000E+00   0.0000000000E+00   0.0000000000E+00
    5      0.0000000000E+00   0.0000000000E+00   0.0000000000E+00   0.0000000000E+00   0.0000000000E+00
    6      0.0000000000E+00   0.0000000000E+00   0.0000000000E+00   0.0000000000E+00   0.0000000000E+00
    7      0.0000000000E+00   0.0000000000E+00   0.0000000000E+00   0.0000000000E+00   0.0000000000E+00
    8      0.0000000000E+00   0.0000000000E+00   0.0000000000E+00   0.0000000000E+00   0.0000000000E+00
                    5                  6                  7                  8        
     0      0.0000000000E+00   2.4661805385E-07   8.8580436175E-06  -8.8288472352E-01
     1      0.0000000000E+00  -4.2230445257E-02  -3.1897517080E-03  -3.3881999106E-08
     2      0.0000000000E+00  -8.8061664164E-01  -6.6514771977E-02  -7.3289641480E-07
     3      0.0000000000E+00   4.2986239980E-02  -7.0509764309E-01   3.3140027327E-01
     4      0.0000000000E+00   1.5851869681E-02   1.1973489380E-03  -9.9022105694E-04
     5      0.0000000000E+00   3.3055347182E-01   2.4967875782E-02  -2.0648721992E-02
     6      0.0000000000E+00  -4.2986425124E-02   7.0509099305E-01   3.3141167836E-01
     7      0.0000000000E+00   1.5851979183E-02   1.1973074633E-03   9.9024649332E-04
     8      0.0000000000E+00   3.3055575268E-01   2.4967053040E-02   2.0649272202E-02

#
# The atoms: label  mass x y z (in bohrs)
#
$atoms
3
 C     12.01100     -0.000002887692     0.002527267923     0.052700230294
 O     15.99900      1.163303289037    -0.000948678077    -0.019782415969
 O     15.99900     -1.163301121147    -0.000948628944    -0.019781460902

$actual_temperature
  0.000000

$frequency_scale_factor
  1.000000

$dipole_derivatives
9
    3.4340742466E+00   -1.5866169563E-08   -3.5727754814E-08
   -7.9419704245E-08    1.1840664557E+00   -3.7221497113E-04
   -1.5514356451E-06   -3.7189072326E-04    1.1762707158E+00
   -1.7170339387E+00   -2.3371725081E-03   -4.8724364228E-02
    3.3356600001E-03   -5.9193479790E-01    1.8432939400E-04
    7.0075835871E-02    1.8570842216E-04   -5.8807208158E-01
   -1.7170262448E+00    2.3371890713E-03    4.8724415239E-02
   -3.3355763286E-03   -5.9192703422E-01    1.8433120189E-04
   -7.0074219952E-02    1.8570925687E-04   -5.8806433054E-01

#
# The IR spectrum
#  wavenumber eps Int TX TY TZ
#
$ir_spectrum
9
      0.00   0.00000000   0.00000000     0.000000     0.000000     0.000000
      0.00   0.00000000   0.00000000     0.000000     0.000000     0.000000
      0.00   0.00000000   0.00000000     0.000000     0.000000     0.000000
      0.00   0.00000000   0.00000000     0.000000     0.000000     0.000000
      0.00   0.00000000   0.00000000     0.000000     0.000000     0.000000
      0.00   0.00000000   0.00000000     0.000000     0.000000     0.000000
  -6469.05   0.00000000   0.00000000     0.000000     0.000000     0.000000
   7367.77   0.00001830   0.09248341     0.000001    -0.000042    -0.000879
  13990.45   0.26058662 1316.89798152    -0.076240    -0.000000    -0.000000


$end

