*************************************************
******************* ORCA 6.0.1 ******************
*************************************************
$Calculation_Status
   &GeometryIndex 1
   &ListStatus       OUT
   &VERSION [&Type "String"] "6.0.1"
   &PROGNAME [&Type "String"] "LeanSCF"
   &STATUS [&Type "String"] "NORMAL TERMINATION"
$End
$Geometry
   &GeometryIndex 1
   &ListStatus       OUT
   &NATOMS [&Type "Integer"] 3
   &NCORELESSECP [&Type "Integer"] 0
   &NGHOSTATOMS [&Type "Integer"] 0
   &CartesianCoordinates [&Type "Coordinates", &Dim(3,4), &Units "Bohr"] 
              C     -0.000002648262    0.002622863718    0.054693754089
              O      1.163303528468   -0.000853082281   -0.017788892175
              O     -1.163300881717   -0.000853033148   -0.017787937108
$End
$SCF_Energy
   &GeometryIndex 1
   &ListStatus       OUT
   &SCF_ENERGY [&Type "Double"]      -1.8280744763885070e+02
$End
$DFT_Energy
   &GeometryIndex 1
   &ListStatus       OUT
   &NALPHAEL [&Type "Integer"] 11
   &NBETAEL [&Type "Integer"] 11
   &NTOTALEL [&Type "Integer"] 22
   &EEXCHANGE [&Type "Double"]      -1.8840707168731555e+01
   &ECORR [&Type "Double"]      -1.0015555046653184e+00
   &ECNL [&Type "Double"]       0.0000000000000000e+00
   &EXC [&Type "Double"]      -1.9842262673396874e+01
   &EEMBED [&Type "Double"]       0.0000000000000000e+00
   &FINALEN [&Type "Double"]      -1.8280744763885070e+02  "No Van der Waals correction"
$End
$Mulliken_Population_Analysis
   &GeometryIndex 1
   &ListStatus       OUT
   &NATOMS [&Type "Integer"] 3
   &ATNO [&Type "ArrayOfIntegers", &Dim (3,1)] 
                                                         0

0                                                        6
1                                                        8
2                                                        8
   &ATOMICCHARGES [&Type "ArrayOfDoubles", &Dim (3,1)] 
                                                         0

0                                      1.0741400886340902e-01
1                                     -5.3717799548110179e-02
2                                     -5.3696209315329924e-02
$End
$Loewdin_Population_Analysis
   &GeometryIndex 1
   &ListStatus       OUT
   &NATOMS [&Type "Integer"] 3
   &ATNO [&Type "ArrayOfIntegers", &Dim (3,1)] 
                                                         0

0                                                        6
1                                                        8
2                                                        8
   &ATOMICCHARGES [&Type "ArrayOfDoubles", &Dim (3,1)] 
                                                         0

0                                     -8.1676584982378664e-01
1                                      4.0837959042877436e-01
2                                      4.0838625939495188e-01
$End
$Mayer_Population_Analysis
   &GeometryIndex 1
   &ListStatus       OUT
   &NATOMS [&Type "Integer"] 3 "Total number of atoms"
   &BONDTHRESH [&Type "Double"]       1.0000000000000001e-01  "The threshold for printing"
   &NBONDORDERSPRINT [&Type "Integer"] 3 "The number of bond orders larger than threshold"
   &BONDORDERS [&Type "ArrayOfDoubles", &Dim (3,1)] "The bond orders"
                                                         0

0                                      1.8569916239717177e+00
1                                      1.8570041269703024e+00
2                                      1.3029753851937598e+00
   &COMPONENTS [&Type "ArrayOfIntegers", &Dim (3,4)] "The indices and atomic numbers of the bonding atoms"
                                                         0                           1                           2                           3

0                                                        0                           6                           1                           8
1                                                        0                           6                           2                           8
2                                                        1                           8                           2                           8
   &ATNO [&Type "ArrayOfIntegers", &Dim (3,1)] "Atomic number of the elements"
                                                         0

0                                                        6
1                                                        8
2                                                        8
   &NA [&Type "ArrayOfDoubles", &Dim (3,1)] "Mulliken gross atomic population"
                                                         0

0                                      5.8925859911365936e+00
1                                      8.0537177995481031e+00
2                                      8.0536962093153210e+00
   &ZA [&Type "ArrayOfDoubles", &Dim (3,1)] "Total nuclear charge"
                                                         0

0                                      6.0000000000000000e+00
1                                      8.0000000000000000e+00
2                                      8.0000000000000000e+00
   &QA [&Type "ArrayOfDoubles", &Dim (3,1)] "Mulliken gross atomic charge"
                                                         0

0                                      1.0741400886340635e-01
1                                     -5.3717799548103073e-02
2                                     -5.3696209315321042e-02
   &VA [&Type "ArrayOfDoubles", &Dim (3,1)] "Mayer's total valence"
                                                         0

0                                      3.7139957509420065e+00
1                                      3.1599670091654239e+00
2                                      3.1599795121640391e+00
   &BVA [&Type "ArrayOfDoubles", &Dim (3,1)] "Mayer's bonded valence"
                                                         0

0                                      3.7139957509420203e+00
1                                      3.1599670091654772e+00
2                                      3.1599795121640621e+00
   &FA [&Type "ArrayOfDoubles", &Dim (3,1)] "Mayer's free valence"
                                                         0

0                                      0.0000000000000000e+00
1                                      0.0000000000000000e+00
2                                      0.0000000000000000e+00
$End
$SCF_Nuc_Gradient
   &GeometryIndex 1
   &ListStatus       OUT
   &NATOMS [&Type "Integer"] 3
   &ROOT [&Type "Integer"] 0
   &GRADNORM [&Type "Double"]       1.4203326189439485e+01
   &GRAD [&Type "ArrayOfDoubles", &Dim (9,1)] 
                                                         0

0                                     -2.5871967417072860e-04
1                                     -4.8509108482882035e-02
2                                     -1.0115165789680574e+00
3                                     -1.0004774346803444e+01
4                                      2.4254311469465096e-02
5                                      5.0575271714710390e-01
6                                      1.0005033066477811e+01
7                                      2.4254797008723732e-02
8                                      5.0576386196872958e-01
$End
$SCF_Dipole_Moment
   &GeometryIndex 1
   &ListStatus       OUT
   &METHOD [&Type "String"] "SCF"
   &LEVEL [&Type "String"] "Relaxed density"
   &MULT [&Type "Integer"] 1
   &STATE [&Type "Integer"] -1
   &IRREP [&Type "Integer"] 0
   &NATOMS [&Type "Integer"] 3
   &DODIPOLEATOM [&Type "Boolean"] false
   &DIPOLEELECCONTRIB [&Type "ArrayOfDoubles", &Dim (3,1)] "Electronic contribution"
                                                         0

0                                     -1.3718458850016380e-05
1                                      4.1303356548948325e-03
2                                      8.6127657036561708e-02
   &DIPOLENUCCONTRIB [&Type "ArrayOfDoubles", &Dim (3,1)] "Nuclear contribution"
                                                         0

0                                      1.6966204441359878e-08
1                                     -1.4848626975113785e-05
2                                     -3.0963320497889857e-04
   &DIPOLETOTAL [&Type "ArrayOfDoubles", &Dim (3,1)] "Total"
                                                         0

0                                     -1.3701492645575020e-05
1                                      4.1154870279197188e-03
2                                      8.5818023831582810e-02
   &DIPOLEMAGNITUDE [&Type "Double", &Units "a.u."]       8.5916649350204474e-02
$End
$SCF_Polarizability
   &GeometryIndex 1
   &ListStatus       OUT
   &METHOD [&Type "String"] "SCF"
   &LEVEL [&Type "String"] "Relaxed density"
   &MULT [&Type "Integer"] 1
   &STATE [&Type "Integer"] -1
   &IRREP [&Type "Integer"] 0
   &NATOMS [&Type "Integer"] 3
   &DODIPOLEATOM [&Type "Boolean"] false
   &RAWCARTESIAN [&Type "ArrayOfDoubles", &Units "a.u", &Dim (3,3)] 
                                                         0                           1                           2

0                                      8.4070614091234042e+00        -9.7048445126259958e-08        -1.8209897446067264e-06
1                                     -9.7048445126259958e-08         4.1742579861176905e+00         1.9864634716753823e-03
2                                     -1.8209897446067264e-06         1.9864634716753823e-03         4.2156353868117460e+00
   &DIAGONALIZEDTENSOR [&Type "ArrayOfDoubles", &Dim (3,1)] 
                                                         0

0                                      4.1741628379478213e+00
1                                      4.2157305349808238e+00
2                                      8.4070614091241946e+00
   &ORIENTATION [&Type "ArrayOfDoubles", &Dim (3,3)] 
                                                         0                           1                           2

0                                      2.3187251928929143e-09         4.3507602207208618e-07        -9.9999999999990563e-01
1                                      9.9885484778512279e-01         4.7843422287278302e-02         2.3131595750609454e-08
2                                     -4.7843422287283846e-02         9.9885484778502831e-01         4.3446685805321033e-07
   &ISOTROPICPOLAR [&Type "Double"]       5.5989849273509460e+00
$End
$THERMOCHEMISTRY_Energies
   &GeometryIndex 1
   &ListStatus       OUT
   &TEMPERATURE [&Type "Double"]       2.9814999999999998e+02
   &PRESSURE [&Type "Double"]       1.0000000000000000e+00
   &TOTALMASS [&Type "Double"]       4.4009000000000000e+01
   &SPINDEGENERACY [&Type "Integer"] 1
   &ELENERGY [&Type "Double"]      -1.8280744763885070e+02
   &TRANSENERGY [&Type "Double"]       1.4162714244859817e-03
   &ROTENERGY [&Type "Double"]       1.4162714244859817e-03
   &VIBENERGY [&Type "Double"]       1.2168764905973559e-17
   &NUMOFFREQS [&Type "Integer"] 9
   &FREQSCALINGFACTOR [&Type "Double"]       1.0000000000000000e+00
   &FREQ [&Type "ArrayOfDoubles", &Dim (9,1)] "In cm^-1"
                                                         0

0                                      0.0000000000000000e+00
1                                      0.0000000000000000e+00
2                                      0.0000000000000000e+00
3                                      0.0000000000000000e+00
4                                      0.0000000000000000e+00
5                                      0.0000000000000000e+00
6                                     -6.4690936695776991e+03
7                                      7.3677567983586341e+03
8                                      1.3990416081836463e+04
   &ZPE [&Type "Double"]       4.8657498081725266e-02
   &INNERENERGYU [&Type "Double"]      -1.8275595759792000e+02
   &ENTHALPYH [&Type "Double"]      -1.8275501338887776e+02
   &QEL [&Type "Double"]       0.0000000000000000e+00
   &QROT [&Type "Double"]       5.1575365749911683e-03
   &QVIB [&Type "Double"]      -2.5399655872377876e-11
   &QTRANS [&Type "Double"]       1.7708800485862652e-02
   &ENTROPYS [&Type "Double"]       2.2866337035454168e-02
   &FREEENERGYG [&Type "Double"]      -1.8277787972591321e+02
   &ISLINEAR [&Type "Boolean"] false
$End
$Hessian
   &GeometryIndex 1
   &ListStatus       OUT
   &HESSIAN [&Type "ArrayOfDoubles", &Dim (9,9)] "The Hessian"
                                                         0                           1                           2                           3                           4                           5                           6                           7

0                                      6.4595506022338185e+01         2.3095687596008663e-06         4.9780765362994472e-05        -3.2297351483471843e+01         1.1736480820904403e-01         2.4476709634539997e+00        -3.2298154538866335e+01        -1.1736706805819271e-01
1                                      2.3095687596008663e-06        -1.3955465395712803e+01         1.2858167442303961e-02         9.8423915503330822e-02         6.9775975423257854e+00        -6.4287155211876813e-03        -9.8426274791701351e-02         6.9778678533870186e+00
2                                      4.9780765362994472e-05         1.2858167442303961e-02        -1.3686003374263723e+01         2.0516910142170643e+00        -6.4293536604731133e-03         6.8428677297208758e+00        -2.0517409136271416e+00        -6.4294538133451238e-03
3                                     -3.2297351483471843e+01         9.8423915503330822e-02         2.0516910142170643e+00         3.2448965206979139e+01        -1.0789449609485710e-01        -2.2496824629611369e+00        -1.5161372350729826e-01         9.4781350727709338e-03
4                                      1.1736480820904403e-01         6.9775975423257854e+00        -6.4293536604731133e-03        -1.0789449609485710e-01        -7.7889940544576159e+00         6.8591798638090980e-03        -9.4778665954315822e-03         8.1139651213183028e-01
5                                      2.4476709634539997e+00        -6.4287155211876813e-03         6.8428677297208758e+00        -2.2496824629611369e+00         6.8591798638090980e-03        -7.6452969685880454e+00        -1.9798092530042571e-01        -4.3014746901239595e-04
6                                     -3.2298154538866335e+01        -9.8426274791701351e-02        -2.0517409136271416e+00        -1.5161372350729826e-01        -9.4778665954315822e-03        -1.9798092530042571e-01         3.2449768262373631e+01         1.0789653718627734e-01
7                                     -1.1736706805819271e-01         6.9778678533870186e+00        -6.4294538133451238e-03         9.4781350727709338e-03         8.1139651213183028e-01        -4.3014746901239595e-04         1.0789653718627734e-01        -7.7892643655188492e+00
8                                     -2.4477206255746484e+00        -6.4288118896020010e-03         6.8431356445428477e+00         1.9798387355163566e-01        -4.3014307694500475e-04         8.0242923886716966e-01         2.2497292954752899e+00         6.8592781244522626e-03
                                                         8

0                                     -2.4477206255746484e+00
1                                     -6.4288118896020010e-03
2                                      6.8431356445428477e+00
3                                      1.9798387355163566e-01
4                                     -4.3014307694500475e-04
5                                      8.0242923886716966e-01
6                                      2.2497292954752899e+00
7                                      6.8592781244522626e-03
8                                     -7.6455648834100174e+00
   &MODES [&Type "ArrayOfDoubles", &Dim (9,9)] "The modes of vibrations"
                                                         0                           1                           2                           3                           4                           5                           6                           7

0                                      0.0000000000000000e+00         0.0000000000000000e+00         0.0000000000000000e+00         0.0000000000000000e+00         0.0000000000000000e+00         0.0000000000000000e+00         6.8577258392723969e-08         2.2159945078139577e-06
1                                      0.0000000000000000e+00         0.0000000000000000e+00         0.0000000000000000e+00         0.0000000000000000e+00         0.0000000000000000e+00         0.0000000000000000e+00        -1.1758267961877655e-02        -7.9792867995281372e-04
2                                      0.0000000000000000e+00         0.0000000000000000e+00         0.0000000000000000e+00         0.0000000000000000e+00         0.0000000000000000e+00         0.0000000000000000e+00        -2.4519103175912754e-01        -1.6638926493372737e-02
3                                      0.0000000000000000e+00         0.0000000000000000e+00         0.0000000000000000e+00         0.0000000000000000e+00         0.0000000000000000e+00         0.0000000000000000e+00         1.1969077421944103e-02        -1.7637740002301439e-01
4                                      0.0000000000000000e+00         0.0000000000000000e+00         0.0000000000000000e+00         0.0000000000000000e+00         0.0000000000000000e+00         0.0000000000000000e+00         4.4136530000024373e-03         2.9952145028077298e-04
5                                      0.0000000000000000e+00         0.0000000000000000e+00         0.0000000000000000e+00         0.0000000000000000e+00         0.0000000000000000e+00         0.0000000000000000e+00         9.2036356086544799e-02         6.2458103294191726e-03
6                                      0.0000000000000000e+00         0.0000000000000000e+00         0.0000000000000000e+00         0.0000000000000000e+00         0.0000000000000000e+00         0.0000000000000000e+00        -1.1969128905252450e-02         1.7637573639966087e-01
7                                      0.0000000000000000e+00         0.0000000000000000e+00         0.0000000000000000e+00         0.0000000000000000e+00         0.0000000000000000e+00         0.0000000000000000e+00         4.4136834891601888e-03         2.9951107518418546e-04
8                                      0.0000000000000000e+00         0.0000000000000000e+00         0.0000000000000000e+00         0.0000000000000000e+00         0.0000000000000000e+00         0.0000000000000000e+00         9.2036991151337580e-02         6.2456045160023295e-03
                                                         8

0                                     -2.4590683587420170e-01
1                                     -9.4336235689725870e-09
2                                     -2.0405994505902216e-07
3                                      9.2303774562935814e-02
4                                     -2.7580285576482349e-04
5                                     -5.7512173198747425e-03
6                                      9.2306951462755554e-02
7                                      2.7580993791071037e-04
8                                      5.7513705146995031e-03
$End
