
$orca_hessian_file

$act_atom
  0

$act_coord
  0

$act_energy
        0.000000

$multiplicity
  1

$hessian
9
                    0                  1                  2                  3                  4        
    0      6.4595490547E+01   2.3092744360E-06   4.9776697354E-05  -3.2297343734E+01   1.1736479312E-01
    1      2.3092744360E-06  -1.3955469832E+01   1.2858233625E-02   9.8424061359E-02   6.9775997654E+00
    2      4.9776697354E-05   1.2858233625E-02  -1.3686006441E+01   2.0516940549E+00  -6.4293867440E-03
    3     -3.2297343734E+01   9.8424061359E-02   2.0516940549E+00   3.2448958134E+01  -1.0789456165E-01
    4      1.1736479312E-01   6.9775997654E+00  -6.4293867440E-03  -1.0789456165E-01  -7.7889940146E+00
    5      2.4476706471E+00  -6.4287486229E-03   6.8428692680E+00  -2.2496838245E+00   6.8591963422E-03
    6     -3.2298146813E+01  -9.8426420361E-02  -2.0517439503E+00  -1.5161440001E-01  -9.4777859753E-03
    7     -1.1736705267E-01   6.9778700669E+00  -6.4294869056E-03   9.4780547863E-03   8.1139424918E-01
    8     -2.4477203050E+00  -6.4288449784E-03   6.8431371732E+00   1.9798219439E-01  -4.3012646821E-04
                    5                  6                  7                  8        
     0      2.4476706471E+00  -3.2298146813E+01  -1.1736705267E-01  -2.4477203050E+00
     1     -6.4287486229E-03  -9.8426420361E-02   6.9778700669E+00  -6.4288449784E-03
     2      6.8428692680E+00  -2.0517439503E+00  -6.4294869056E-03   6.8431371732E+00
     3     -2.2496838245E+00  -1.5161440001E-01   9.4780547863E-03   1.9798219439E-01
     4      6.8591963422E-03  -9.4777859753E-03   8.1139424918E-01  -4.3012646821E-04
     5     -7.6452965891E+00  -1.9797924726E-01  -4.3013084939E-04   8.0242732110E-01
     6     -1.9797924726E-01   3.2449761213E+01   1.0789660211E-01   2.2497306541E+00
     7     -4.3013084939E-04   1.0789660211E-01  -7.7892643161E+00   6.8592946008E-03
     8      8.0242732110E-01   2.2497306541E+00   6.8592946008E-03  -7.6455644943E+00

$vibrational_frequencies
9
    0        0.0000000000000000
    1        0.0000000000000000
    2        0.0000000000000000
    3        0.0000000000000000
    4        0.0000000000000000
    5        0.0000000000000000
    6    -6469.0944869476306849
    7     7367.7561713202421743
    8    13990.4144079490815784

$normal_modes
9 9
                    0                  1                  2                  3                  4        
    0      0.0000000000E+00   0.0000000000E+00   0.0000000000E+00   0.0000000000E+00   0.0000000000E+00
    1      0.0000000000E+00   0.0000000000E+00   0.0000000000E+00   0.0000000000E+00   0.0000000000E+00
    2      0.0000000000E+00   0.0000000000E+00   0.0000000000E+00   0.0000000000E+00   0.0000000000E+00
    3      0.0000000000E+00   0.0000000000E+00   0.0000000000E+00   0.0000000000E+00   0.0000000000E+00
    4      0.0000000000E+00   0.0000000000E+00   0.0000000000E+00   0.0000000000E+00   0.0000000000E+00
    5      0.0000000000E+00   0.0000000000E+00   0.0000000000E+00   0.0000000000E+00   0.0000000000E+00
    6      0.0000000000E+00   0.0000000000E+00   0.0000000000E+00   0.0000000000E+00   0.0000000000E+00
    7      0.0000000000E+00   0.0000000000E+00   0.0000000000E+00   0.0000000000E+00   0.0000000000E+00
    8      0.0000000000E+00   0.0000000000E+00   0.0000000000E+00   0.0000000000E+00   0.0000000000E+00
                    5                  6                  7                  8        
     0      0.0000000000E+00   2.4624546091E-07   8.8590469174E-06  -8.8288472352E-01
     1      0.0000000000E+00  -4.2230440166E-02  -3.1898551657E-03  -3.3867950143E-08
     2      0.0000000000E+00  -8.8061653548E-01  -6.6516929345E-02  -7.3260345671E-07
     3      0.0000000000E+00   4.2987637144E-02  -7.0509751273E-01   3.3140027261E-01
     4      0.0000000000E+00   1.5851867769E-02   1.1973877736E-03  -9.9022106221E-04
     5      0.0000000000E+00   3.3055343197E-01   2.4968685608E-02  -2.0648722102E-02
     6      0.0000000000E+00  -4.2987822009E-02   7.0509086194E-01   3.3141167903E-01
     7      0.0000000000E+00   1.5851977273E-02   1.1973462970E-03   9.9024648805E-04
     8      0.0000000000E+00   3.3055571284E-01   2.4967862824E-02   2.0649272092E-02

#
# The atoms: label  mass x y z (in bohrs)
#
$atoms
3
 C     12.01100     -0.000002887692     0.002527267923     0.052700230294
 O     15.99900      1.163303289037    -0.000948678077    -0.019782415969
 O     15.99900     -1.163301121147    -0.000948628944    -0.019781460902

$actual_temperature
  0.000000

$frequency_scale_factor
  1.000000

$dipole_derivatives
9
    3.4340350796E+00   -1.6309891444E-08   -3.9033157337E-08
   -7.4912733520E-08    1.1840537545E+00   -3.7205144437E-04
   -1.5584893436E-06   -3.7172774694E-04    1.1762613995E+00
   -1.7170143880E+00   -2.3368852113E-03   -4.8718381988E-02
    3.3360075226E-03   -5.9192844620E-01    1.8424759595E-04
    7.0083070529E-02    1.8562685611E-04   -5.8806741897E-01
   -1.7170066302E+00    2.3369022132E-03    4.8718436275E-02
   -3.3359283583E-03   -5.9192069991E-01    1.8424952917E-04
   -7.0081447701E-02    1.8562787580E-04   -5.8805968417E-01

#
# The IR spectrum
#  wavenumber eps Int TX TY TZ
#
$ir_spectrum
9
      0.00   0.00000000   0.00000000     0.000000     0.000000     0.000000
      0.00   0.00000000   0.00000000     0.000000     0.000000     0.000000
      0.00   0.00000000   0.00000000     0.000000     0.000000     0.000000
      0.00   0.00000000   0.00000000     0.000000     0.000000     0.000000
      0.00   0.00000000   0.00000000     0.000000     0.000000     0.000000
      0.00   0.00000000   0.00000000     0.000000     0.000000     0.000000
  -6469.09   0.00000000   0.00000000     0.000000     0.000000     0.000000
   7367.76   0.00001831   0.09253615     0.000001    -0.000042    -0.000880
  13990.41   0.26058072 1316.86815230    -0.076239    -0.000000    -0.000000


$end

