
$orca_hessian_file

$act_atom
  0

$act_coord
  0

$act_energy
        0.000000

$multiplicity
  1

$hessian
9
                    0                  1                  2                  3                  4        
    0      6.4595506022E+01   2.3095687596E-06   4.9780765363E-05  -3.2297351483E+01   1.1736480821E-01
    1      2.3095687596E-06  -1.3955465396E+01   1.2858167442E-02   9.8423915503E-02   6.9775975423E+00
    2      4.9780765363E-05   1.2858167442E-02  -1.3686003374E+01   2.0516910142E+00  -6.4293536605E-03
    3     -3.2297351483E+01   9.8423915503E-02   2.0516910142E+00   3.2448965207E+01  -1.0789449609E-01
    4      1.1736480821E-01   6.9775975423E+00  -6.4293536605E-03  -1.0789449609E-01  -7.7889940545E+00
    5      2.4476709635E+00  -6.4287155212E-03   6.8428677297E+00  -2.2496824630E+00   6.8591798638E-03
    6     -3.2298154539E+01  -9.8426274792E-02  -2.0517409136E+00  -1.5161372351E-01  -9.4778665954E-03
    7     -1.1736706806E-01   6.9778678534E+00  -6.4294538133E-03   9.4781350728E-03   8.1139651213E-01
    8     -2.4477206256E+00  -6.4288118896E-03   6.8431356445E+00   1.9798387355E-01  -4.3014307695E-04
                    5                  6                  7                  8        
     0      2.4476709635E+00  -3.2298154539E+01  -1.1736706806E-01  -2.4477206256E+00
     1     -6.4287155212E-03  -9.8426274792E-02   6.9778678534E+00  -6.4288118896E-03
     2      6.8428677297E+00  -2.0517409136E+00  -6.4294538133E-03   6.8431356445E+00
     3     -2.2496824630E+00  -1.5161372351E-01   9.4781350728E-03   1.9798387355E-01
     4      6.8591798638E-03  -9.4778665954E-03   8.1139651213E-01  -4.3014307695E-04
     5     -7.6452969686E+00  -1.9798092530E-01  -4.3014746901E-04   8.0242923887E-01
     6     -1.9798092530E-01   3.2449768262E+01   1.0789653719E-01   2.2497292955E+00
     7     -4.3014746901E-04   1.0789653719E-01  -7.7892643655E+00   6.8592781245E-03
     8      8.0242923887E-01   2.2497292955E+00   6.8592781245E-03  -7.6455648834E+00

$vibrational_frequencies
9
    0        0.0000000000000000
    1        0.0000000000000000
    2        0.0000000000000000
    3        0.0000000000000000
    4        0.0000000000000000
    5        0.0000000000000000
    6    -6469.0936695776990746
    7     7367.7567983586341143
    8    13990.4160818364634906

$normal_modes
9 9
                    0                  1                  2                  3                  4        
    0      0.0000000000E+00   0.0000000000E+00   0.0000000000E+00   0.0000000000E+00   0.0000000000E+00
    1      0.0000000000E+00   0.0000000000E+00   0.0000000000E+00   0.0000000000E+00   0.0000000000E+00
    2      0.0000000000E+00   0.0000000000E+00   0.0000000000E+00   0.0000000000E+00   0.0000000000E+00
    3      0.0000000000E+00   0.0000000000E+00   0.0000000000E+00   0.0000000000E+00   0.0000000000E+00
    4      0.0000000000E+00   0.0000000000E+00   0.0000000000E+00   0.0000000000E+00   0.0000000000E+00
    5      0.0000000000E+00   0.0000000000E+00   0.0000000000E+00   0.0000000000E+00   0.0000000000E+00
    6      0.0000000000E+00   0.0000000000E+00   0.0000000000E+00   0.0000000000E+00   0.0000000000E+00
    7      0.0000000000E+00   0.0000000000E+00   0.0000000000E+00   0.0000000000E+00   0.0000000000E+00
    8      0.0000000000E+00   0.0000000000E+00   0.0000000000E+00   0.0000000000E+00   0.0000000000E+00
                    5                  6                  7                  8        
     0      0.0000000000E+00   2.4629884542E-07   8.8588006651E-06  -8.8288472352E-01
     1      0.0000000000E+00  -4.2230440397E-02  -3.1898504693E-03  -3.3869746268E-08
     2      0.0000000000E+00  -8.8061654030E-01  -6.6516831412E-02  -7.3264091067E-07
     3      0.0000000000E+00   4.2987573707E-02  -7.0509751857E-01   3.3140027277E-01
     4      0.0000000000E+00   1.5851867856E-02   1.1973860105E-03  -9.9022106154E-04
     5      0.0000000000E+00   3.3055343378E-01   2.4968648841E-02  -2.0648722087E-02
     6      0.0000000000E+00  -4.2987758612E-02   7.0509086797E-01   3.3141167886E-01
     7      0.0000000000E+00   1.5851977360E-02   1.1973445343E-03   9.9024648872E-04
     8      0.0000000000E+00   3.3055571464E-01   2.4967826069E-02   2.0649272106E-02

#
# The atoms: label  mass x y z (in bohrs)
#
$atoms
3
 C     12.01100     -0.000002887692     0.002527267923     0.052700230294
 O     15.99900      1.163303289037    -0.000948678077    -0.019782415969
 O     15.99900     -1.163301121147    -0.000948628944    -0.019781460902

$actual_temperature
  0.000000

$frequency_scale_factor
  1.000000

$dipole_derivatives
9
    3.4340383559E+00   -1.6231998343E-08   -3.8142061535E-08
   -7.5450542797E-08    1.1840551307E+00   -3.7205752958E-04
   -1.5572018503E-06   -3.7173380191E-04    1.1762626435E+00
   -1.7170160192E+00   -2.3369002556E-03   -4.8718694931E-02
    3.3360004164E-03   -5.9192913435E-01    1.8425069429E-04
    7.0082916971E-02    1.8562991797E-04   -5.8806804102E-01
   -1.7170082752E+00    2.3369171819E-03    4.8718748341E-02
   -3.3359207207E-03   -5.9192138745E-01    1.8425251626E-04
   -7.0081295536E-02    1.8563086828E-04   -5.8806030592E-01

#
# The IR spectrum
#  wavenumber eps Int TX TY TZ
#
$ir_spectrum
9
      0.00   0.00000000   0.00000000     0.000000     0.000000     0.000000
      0.00   0.00000000   0.00000000     0.000000     0.000000     0.000000
      0.00   0.00000000   0.00000000     0.000000     0.000000     0.000000
      0.00   0.00000000   0.00000000     0.000000     0.000000     0.000000
      0.00   0.00000000   0.00000000     0.000000     0.000000     0.000000
      0.00   0.00000000   0.00000000     0.000000     0.000000     0.000000
  -6469.09   0.00000000   0.00000000     0.000000     0.000000     0.000000
   7367.76   0.00001831   0.09253383     0.000001    -0.000042    -0.000880
  13990.42   0.26058121 1316.87065933    -0.076239    -0.000000    -0.000000


$end

