
$orca_hessian_file

$act_atom
  0

$act_coord
  0

$act_energy
        0.000000

$multiplicity
  1

$hessian
9
                    0                  1                  2                  3                  4        
    0      6.4595491937E+01  -2.2539505027E-06  -4.9735973035E-05  -3.2297343877E+01  -1.1736106418E-01
    1     -2.2539505027E-06  -1.3955470131E+01   1.2857785280E-02  -9.8421094747E-02   6.9775998101E+00
    2     -4.9735973035E-05   1.2857785280E-02  -1.3686006646E+01  -2.0516938418E+00  -6.4291819117E-03
    3     -3.2297343877E+01  -9.8421094747E-02  -2.0516938418E+00   3.2448957913E+01   1.0789118390E-01
    4     -1.1736106418E-01   6.9775998101E+00  -6.4291819117E-03   1.0789118390E-01  -7.7889941097E+00
    5     -2.4476703965E+00  -6.4285500950E-03   6.8428693279E+00   2.2496834730E+00   6.8590289394E-03
    6     -3.2298148060E+01   9.8423362551E-02   2.0517438156E+00  -1.5161403648E-01   9.4774839914E-03
    7      1.1736330428E-01   6.9778703213E+00  -6.4292379303E-03  -9.4776928727E-03   8.1139429961E-01
    8      2.4477198947E+00  -6.4286006220E-03   6.8431373181E+00  -1.9798195397E-01  -4.3016496239E-04
                    5                  6                  7                  8        
     0     -2.4476703965E+00  -3.2298148060E+01   1.1736330428E-01   2.4477198947E+00
     1     -6.4285500950E-03   9.8423362551E-02   6.9778703213E+00  -6.4286006220E-03
     2      6.8428693279E+00   2.0517438156E+00  -6.4292379303E-03   6.8431373181E+00
     3      2.2496834730E+00  -1.5161403648E-01  -9.4776928727E-03  -1.9798195397E-01
     4      6.8590289394E-03   9.4774839914E-03   8.1139429961E-01  -4.3016496239E-04
     5     -7.6452967361E+00   1.9797924626E-01  -4.3016090963E-04   8.0242740827E-01
     6      1.9797924626E-01   3.2449762096E+01  -1.0789322897E-01  -2.2497305013E+00
     7     -4.3016090963E-04  -1.0789322897E-01  -7.7892646209E+00   6.8590822122E-03
     8      8.0242740827E-01  -2.2497305013E+00   6.8590822122E-03  -7.6455647263E+00

$vibrational_frequencies
9
    0        0.0000000000000000
    1        0.0000000000000000
    2        0.0000000000000000
    3        0.0000000000000000
    4        0.0000000000000000
    5        0.0000000000000000
    6    -6469.0945344705569369
    7     7367.7561586058282046
    8    13990.4145538405355182

$normal_modes
9 9
                    0                  1                  2                  3                  4        
    0      0.0000000000E+00   0.0000000000E+00   0.0000000000E+00   0.0000000000E+00   0.0000000000E+00
    1      0.0000000000E+00   0.0000000000E+00   0.0000000000E+00   0.0000000000E+00   0.0000000000E+00
    2      0.0000000000E+00   0.0000000000E+00   0.0000000000E+00   0.0000000000E+00   0.0000000000E+00
    3      0.0000000000E+00   0.0000000000E+00   0.0000000000E+00   0.0000000000E+00   0.0000000000E+00
    4      0.0000000000E+00   0.0000000000E+00   0.0000000000E+00   0.0000000000E+00   0.0000000000E+00
    5      0.0000000000E+00   0.0000000000E+00   0.0000000000E+00   0.0000000000E+00   0.0000000000E+00
    6      0.0000000000E+00   0.0000000000E+00   0.0000000000E+00   0.0000000000E+00   0.0000000000E+00
    7      0.0000000000E+00   0.0000000000E+00   0.0000000000E+00   0.0000000000E+00   0.0000000000E+00
    8      0.0000000000E+00   0.0000000000E+00   0.0000000000E+00   0.0000000000E+00   0.0000000000E+00
                    5                  6                  7                  8        
     0      0.0000000000E+00  -2.4531788556E-07  -8.8711696216E-06   8.8288472366E-01
     1      0.0000000000E+00  -4.2229125779E-02  -3.1897553899E-03  -3.3859973341E-08
     2      0.0000000000E+00  -8.8061659902E-01  -6.6516923837E-02  -7.3239956901E-07
     3      0.0000000000E+00  -4.2987630843E-02   7.0509751790E-01  -3.3140026481E-01
     4      0.0000000000E+00   1.5851374376E-02   1.1973503332E-03  -9.9019006005E-04
     5      0.0000000000E+00   3.3055345544E-01   2.4968683855E-02  -2.0648719811E-02
     6      0.0000000000E+00   4.2987815011E-02  -7.0509085801E-01  -3.3141168693E-01
     7      0.0000000000E+00   1.5851483911E-02   1.1973088322E-03   9.9021547989E-04
     8      0.0000000000E+00   3.3055573706E-01   2.4967860442E-02   2.0649269648E-02

#
# The atoms: label  mass x y z (in bohrs)
#
$atoms
3
 C     12.01100     -0.000002888585    -0.002527188781    -0.052700224043
 O     15.99900      1.163303284932     0.000948648370     0.019782413717
 O     15.99900     -1.163301116371     0.000948599237     0.019781458461

$actual_temperature
  0.000000

$frequency_scale_factor
  1.000000

$dipole_derivatives
9
    3.4340350539E+00    2.8055250740E-08    3.7262640224E-08
    5.7880070347E-08    1.1840538422E+00   -3.7203786644E-04
    1.5059903192E-06   -3.7171214915E-04    1.1762615012E+00
   -1.7170143698E+00    2.3368195561E-03    4.8718396045E-02
   -3.3359056734E-03   -5.9192847791E-01    1.8424262550E-04
   -7.0083047347E-02    1.8562046189E-04   -5.8806746023E-01
   -1.7170066219E+00   -2.3368481455E-03   -4.8718448312E-02
    3.3358442142E-03   -5.9192075418E-01    1.8424109219E-04
    7.0081477130E-02    1.8561869974E-04   -5.8805974461E-01

#
# The IR spectrum
#  wavenumber eps Int TX TY TZ
#
$ir_spectrum
9
      0.00   0.00000000   0.00000000     0.000000     0.000000     0.000000
      0.00   0.00000000   0.00000000     0.000000     0.000000     0.000000
      0.00   0.00000000   0.00000000     0.000000     0.000000     0.000000
      0.00   0.00000000   0.00000000     0.000000     0.000000     0.000000
      0.00   0.00000000   0.00000000     0.000000     0.000000     0.000000
      0.00   0.00000000   0.00000000     0.000000     0.000000     0.000000
  -6469.09   0.00000000   0.00000000     0.000000     0.000000     0.000000
   7367.76   0.00001831   0.09253604    -0.000001    -0.000042    -0.000880
  13990.41   0.26058071 1316.86813262     0.076239     0.000000    -0.000000


$end

