*************************************************
******************* ORCA 6.0.1 ******************
*************************************************
$Calculation_Status
   &GeometryIndex 1
   &ListStatus       OUT
   &VERSION [&Type "String"] "6.0.1"
   &PROGNAME [&Type "String"] "LeanSCF"
   &STATUS [&Type "String"] "NORMAL TERMINATION"
$End
$Geometry
   &GeometryIndex 1
   &ListStatus       OUT
   &NATOMS [&Type "Integer"] 3
   &NCORELESSECP [&Type "Integer"] 0
   &NGHOSTATOMS [&Type "Integer"] 0
   &CartesianCoordinates [&Type "Coordinates", &Dim(3,4), &Units "Bohr"] 
              C     -0.000002648073   -0.002622791152   -0.054693748419
              O      1.163303525444    0.000853045998    0.017788889341
              O     -1.163300875859    0.000852996866    0.017787934084
$End
$SCF_Energy
   &GeometryIndex 1
   &ListStatus       OUT
   &SCF_ENERGY [&Type "Double"]      -1.8280744753617037e+02
$End
$DFT_Energy
   &GeometryIndex 1
   &ListStatus       OUT
   &NALPHAEL [&Type "Integer"] 11
   &NBETAEL [&Type "Integer"] 11
   &NTOTALEL [&Type "Integer"] 22
   &EEXCHANGE [&Type "Double"]      -1.8840707180419809e+01
   &ECORR [&Type "Double"]      -1.0015555051049110e+00
   &ECNL [&Type "Double"]       0.0000000000000000e+00
   &EXC [&Type "Double"]      -1.9842262685524720e+01
   &EEMBED [&Type "Double"]       0.0000000000000000e+00
   &FINALEN [&Type "Double"]      -1.8280744753617037e+02  "No Van der Waals correction"
$End
$Mulliken_Population_Analysis
   &GeometryIndex 1
   &ListStatus       OUT
   &NATOMS [&Type "Integer"] 3
   &ATNO [&Type "ArrayOfIntegers", &Dim (3,1)] 
                                                         0

0                                                        6
1                                                        8
2                                                        8
   &ATOMICCHARGES [&Type "ArrayOfDoubles", &Dim (3,1)] 
                                                         0

0                                      1.0741401551168472e-01
1                                     -5.3717812113836416e-02
2                                     -5.3696203397874953e-02
$End
$Loewdin_Population_Analysis
   &GeometryIndex 1
   &ListStatus       OUT
   &NATOMS [&Type "Integer"] 3
   &ATNO [&Type "ArrayOfIntegers", &Dim (3,1)] 
                                                         0

0                                                        6
1                                                        8
2                                                        8
   &ATOMICCHARGES [&Type "ArrayOfDoubles", &Dim (3,1)] 
                                                         0

0                                     -8.1676585311388905e-01
1                                      4.0837959033332449e-01
2                                      4.0838626278053614e-01
$End
$Mayer_Population_Analysis
   &GeometryIndex 1
   &ListStatus       OUT
   &NATOMS [&Type "Integer"] 3 "Total number of atoms"
   &BONDTHRESH [&Type "Double"]       1.0000000000000001e-01  "The threshold for printing"
   &NBONDORDERSPRINT [&Type "Integer"] 3 "The number of bond orders larger than threshold"
   &BONDORDERS [&Type "ArrayOfDoubles", &Dim (3,1)] "The bond orders"
                                                         0

0                                      1.8569915872063973e+00
1                                      1.8570041150104990e+00
2                                      1.3029754387744357e+00
   &COMPONENTS [&Type "ArrayOfIntegers", &Dim (3,4)] "The indices and atomic numbers of the bonding atoms"
                                                         0                           1                           2                           3

0                                                        0                           6                           1                           8
1                                                        0                           6                           2                           8
2                                                        1                           8                           2                           8
   &ATNO [&Type "ArrayOfIntegers", &Dim (3,1)] "Atomic number of the elements"
                                                         0

0                                                        6
1                                                        8
2                                                        8
   &NA [&Type "ArrayOfDoubles", &Dim (3,1)] "Mulliken gross atomic population"
                                                         0

0                                      5.8925859844883188e+00
1                                      8.0537178121138311e+00
2                                      8.0536962033978643e+00
   &ZA [&Type "ArrayOfDoubles", &Dim (3,1)] "Total nuclear charge"
                                                         0

0                                      6.0000000000000000e+00
1                                      8.0000000000000000e+00
2                                      8.0000000000000000e+00
   &QA [&Type "ArrayOfDoubles", &Dim (3,1)] "Mulliken gross atomic charge"
                                                         0

0                                      1.0741401551168117e-01
1                                     -5.3717812113831087e-02
2                                     -5.3696203397864295e-02
   &VA [&Type "ArrayOfDoubles", &Dim (3,1)] "Mayer's total valence"
                                                         0

0                                      3.7139957022169172e+00
1                                      3.1599670259808041e+00
2                                      3.1599795537848960e+00
   &BVA [&Type "ArrayOfDoubles", &Dim (3,1)] "Mayer's bonded valence"
                                                         0

0                                      3.7139957022168963e+00
1                                      3.1599670259808330e+00
2                                      3.1599795537849347e+00
   &FA [&Type "ArrayOfDoubles", &Dim (3,1)] "Mayer's free valence"
                                                         0

0                                      0.0000000000000000e+00
1                                      0.0000000000000000e+00
2                                      0.0000000000000000e+00
$End
$Calculation_Info
   &GeometryIndex 1
   &ListStatus       OUT
   &MULT [&Type "Integer"] 1
   &CHARGE [&Type "Integer"] 0
   &NUMOFATOMS [&Type "Integer"] 3
   &NUMOFELECTRONS [&Type "Integer"] 22
   &NUMOFFCELECTRONS [&Type "Integer"] 1
   &NUMOFCORRELECTRONS [&Type "Integer"] 0
   &NUMOFBASISFUNCTS [&Type "Integer"] 42
   &NUMOFAUXCBASISFUNCTS [&Type "Integer"] 0
   &NUMOFAUXJBASISFUNCTS [&Type "Integer"] 147
   &NUMOFAUXJKBASISFUNCTS [&Type "Integer"] 0
   &NUMOFCABSBASISFUNCTS [&Type "Integer"] 0
   &TOTALENERGY [&Type "Double"]      -1.8280744753617037e+02  "Hartrees"
$End
$SCF_Dipole_Moment
   &GeometryIndex 1
   &ListStatus       OUT
   &METHOD [&Type "String"] "SCF"
   &LEVEL [&Type "String"] "Relaxed density"
   &MULT [&Type "Integer"] 1
   &STATE [&Type "Integer"] -1
   &IRREP [&Type "Integer"] 0
   &NATOMS [&Type "Integer"] 3
   &DODIPOLEATOM [&Type "Boolean"] false
   &DIPOLEELECCONTRIB [&Type "ArrayOfDoubles", &Dim (3,1)] "Electronic contribution"
                                                         0

0                                     -1.3721208362968765e-05
1                                     -4.1302101258604666e-03
2                                     -8.6127649717093802e-02
   &DIPOLENUCCONTRIB [&Type "ArrayOfDoubles", &Dim (3,1)] "Nuclear contribution"
                                                         0

0                                      1.6971434035895072e-08
1                                      1.4848162068029601e-05
2                                      3.0963316830118215e-04
   &DIPOLETOTAL [&Type "ArrayOfDoubles", &Dim (3,1)] "Total"
                                                         0

0                                     -1.3704236928932870e-05
1                                     -4.1153619637924370e-03
2                                     -8.5818016548792619e-02
   &DIPOLEMAGNITUDE [&Type "Double", &Units "a.u."]       8.5916636085614895e-02
$End
$SCF_Polarizability
   &GeometryIndex 1
   &ListStatus       OUT
   &METHOD [&Type "String"] "SCF"
   &LEVEL [&Type "String"] "Relaxed density"
   &MULT [&Type "Integer"] 1
   &STATE [&Type "Integer"] -1
   &IRREP [&Type "Integer"] 0
   &NATOMS [&Type "Integer"] 3
   &DODIPOLEATOM [&Type "Boolean"] false
   &RAWCARTESIAN [&Type "ArrayOfDoubles", &Units "a.u", &Dim (3,3)] 
                                                         0                           1                           2

0                                      8.4070615019231081e+00         1.1923410831484311e-07         1.7988543274993817e-06
1                                      1.1923410831484311e-07         4.1742580309329735e+00         1.9864031029808338e-03
2                                      1.7988543274993817e-06         1.9864031029808338e-03         4.2156354025861065e+00
   &DIAGONALIZEDTENSOR [&Type "ArrayOfDoubles", &Dim (3,1)] 
                                                         0

0                                      4.1741628884664177e+00
1                                      4.2157305450518852e+00
2                                      8.4070615019238844e+00
   &ORIENTATION [&Type "ArrayOfDoubles", &Dim (3,3)] 
                                                         0                           1                           2

0                                     -7.8047618210447350e-09        -4.3005405804737473e-07        -9.9999999999990730e-01
1                                      9.9885491535167681e-01         4.7842011640329946e-02        -2.8370475959162492e-08
2                                     -4.7842011640337724e-02         9.9885491535158488e-01        -4.2918821424166604e-07
   &ISOTROPICPOLAR [&Type "Double"]       5.5989849784807291e+00
$End
$THERMOCHEMISTRY_Energies
   &GeometryIndex 1
   &ListStatus       OUT
   &TEMPERATURE [&Type "Double"]       2.9814999999999998e+02
   &PRESSURE [&Type "Double"]       1.0000000000000000e+00
   &TOTALMASS [&Type "Double"]       4.4009000000000000e+01
   &SPINDEGENERACY [&Type "Integer"] 1
   &ELENERGY [&Type "Double"]      -1.8280744753617037e+02
   &TRANSENERGY [&Type "Double"]       1.4162714244859817e-03
   &ROTENERGY [&Type "Double"]       1.4162714244859817e-03
   &VIBENERGY [&Type "Double"]       1.2168765633303056e-17
   &NUMOFFREQS [&Type "Integer"] 9
   &FREQSCALINGFACTOR [&Type "Double"]       1.0000000000000000e+00
   &FREQ [&Type "ArrayOfDoubles", &Dim (9,1)] "In cm^-1"
                                                         0

0                                      0.0000000000000000e+00
1                                      0.0000000000000000e+00
2                                      0.0000000000000000e+00
3                                      0.0000000000000000e+00
4                                      0.0000000000000000e+00
5                                      0.0000000000000000e+00
6                                     -6.4690937171457235e+03
7                                      7.3677567856139976e+03
8                                      1.3990416227816571e+04
   &ZPE [&Type "Double"]       4.8657498385258006e-02
   &INNERENERGYU [&Type "Double"]      -1.8275595749493613e+02
   &ENTHALPYH [&Type "Double"]      -1.8275501328589388e+02
   &QEL [&Type "Double"]       0.0000000000000000e+00
   &QROT [&Type "Double"]       5.1575363880094361e-03
   &QVIB [&Type "Double"]      -2.5399655695452189e-11
   &QTRANS [&Type "Double"]       1.7708800485862652e-02
   &ENTROPYS [&Type "Double"]       2.2866336848472432e-02
   &FREEENERGYG [&Type "Double"]      -1.8277787962274235e+02
   &ISLINEAR [&Type "Boolean"] false
$End
$Hessian
   &GeometryIndex 1
   &ListStatus       OUT
   &HESSIAN [&Type "ArrayOfDoubles", &Dim (9,9)] "The Hessian"
                                                         0                           1                           2                           3                           4                           5                           6                           7

0                                      6.4595507412994976e+01        -2.2538040850283991e-06        -4.9741063399055818e-05        -3.2297351629113734e+01        -1.1736107950083466e-01        -2.4476707123918606e+00        -3.2298155783881235e+01         1.1736331945375487e-01
1                                     -2.2538040850283991e-06        -1.3955465694820370e+01         1.2857719133684446e-02        -9.8420949176741684e-02         6.9775975875207426e+00        -6.4285170878459058e-03         9.8423216831991525e-02         6.9778681072996278e+00
2                                     -4.9741063399055818e-05         1.2857719133684446e-02        -1.3686003579211578e+01        -2.0516908005514249e+00        -6.4291488710180086e-03         6.8428677907485049e+00         2.0517407793438944e+00        -6.4292048326581161e-03
3                                     -3.2297351629113734e+01        -9.8420949176741684e-02        -2.0516908005514249e+00         3.2448964988766029e+01         1.0789111878075076e-01         2.2496821108429108e+00        -1.5161335965229786e-01        -9.4777732996519544e-03
4                                     -1.1736107950083466e-01         6.9775975875207426e+00        -6.4291488710180086e-03         1.0789111878075076e-01        -7.7889941500810753e+00         6.8590125203213601e-03         9.4775644157267611e-03         8.1139656256033232e-01
5                                     -2.4476707123918606e+00        -6.4285170878459058e-03         6.8428677907485049e+00         2.2496821108429108e+00         6.8590125203213601e-03        -7.6452971168238424e+00         1.9798092435383455e-01        -4.3017749381151925e-04
6                                     -3.2298155783881235e+01         9.8423216831991525e-02         2.0517407793438944e+00        -1.5161335965229786e-01         9.4775644157267611e-03         1.9798092435383455e-01         3.2449769143533530e+01        -1.0789316370091061e-01
7                                      1.1736331945375487e-01         6.9778681072996278e+00        -6.4292048326581161e-03        -9.4777732996519544e-03         8.1139656256033232e-01        -4.3017749381151925e-04        -1.0789316370091061e-01        -7.7892646698599606e+00
8                                      2.4477202157261893e+00        -6.4285674758468615e-03         6.8431357884630728e+00        -1.9798363309637035e-01        -4.3018158796728561e-04         8.0242932607533779e-01        -2.2497291431637740e+00         6.8590656951418912e-03
                                                         8

0                                      2.4477202157261893e+00
1                                     -6.4285674758468615e-03
2                                      6.8431357884630728e+00
3                                     -1.9798363309637035e-01
4                                     -4.3018158796728561e-04
5                                      8.0242932607533779e-01
6                                     -2.2497291431637740e+00
7                                      6.8590656951418912e-03
8                                     -7.6455651145384103e+00
   &MODES [&Type "ArrayOfDoubles", &Dim (9,9)] "The modes of vibrations"
                                                         0                           1                           2                           3                           4                           5                           6                           7

0                                      0.0000000000000000e+00         0.0000000000000000e+00         0.0000000000000000e+00         0.0000000000000000e+00         0.0000000000000000e+00         0.0000000000000000e+00        -6.8322861389491485e-08        -2.2190116432843501e-06
1                                      0.0000000000000000e+00         0.0000000000000000e+00         0.0000000000000000e+00         0.0000000000000000e+00         0.0000000000000000e+00         0.0000000000000000e+00        -1.1757901997338333e-02        -7.9790372129170126e-04
2                                      0.0000000000000000e+00         0.0000000000000000e+00         0.0000000000000000e+00         0.0000000000000000e+00         0.0000000000000000e+00         0.0000000000000000e+00        -2.4519104948383291e-01        -1.6638925112156873e-02
3                                      0.0000000000000000e+00         0.0000000000000000e+00         0.0000000000000000e+00         0.0000000000000000e+00         0.0000000000000000e+00         0.0000000000000000e+00        -1.1969075667149867e-02         1.7637740128109095e-01
4                                      0.0000000000000000e+00         0.0000000000000000e+00         0.0000000000000000e+00         0.0000000000000000e+00         0.0000000000000000e+00         0.0000000000000000e+00         4.4135156244352247e-03         2.9951208463953712e-04
5                                      0.0000000000000000e+00         0.0000000000000000e+00         0.0000000000000000e+00         0.0000000000000000e+00         0.0000000000000000e+00         0.0000000000000000e+00         9.2036362635691774e-02         6.2458098892481046e-03
6                                      0.0000000000000000e+00         0.0000000000000000e+00         0.0000000000000000e+00         0.0000000000000000e+00         0.0000000000000000e+00         0.0000000000000000e+00         1.1969126959473662e-02        -1.7637573539266999e-01
7                                      0.0000000000000000e+00         0.0000000000000000e+00         0.0000000000000000e+00         0.0000000000000000e+00         0.0000000000000000e+00         0.0000000000000000e+00         4.4135461225509398e-03         2.9950170349933998e-04
8                                      0.0000000000000000e+00         0.0000000000000000e+00         0.0000000000000000e+00         0.0000000000000000e+00         0.0000000000000000e+00         0.0000000000000000e+00         9.2036997908736942e-02         6.2456039192471191e-03
                                                         8

0                                      2.4590683592279688e-01
1                                     -9.4315370954877804e-09
2                                     -2.0400597822393503e-07
3                                     -9.2303772404287485e-02
4                                     -2.7579422079813693e-04
5                                     -5.7512166809712403e-03
6                                     -9.2306953657885896e-02
7                                      2.7580130137772594e-04
8                                      5.7513698352812271e-03
$End
