*************************************************
******************* ORCA 6.0.1 ******************
*************************************************
$Calculation_Status
   &GeometryIndex 1
   &ListStatus       OUT
   &VERSION [&Type "String"] "6.0.1"
   &PROGNAME [&Type "String"] "LeanSCF"
   &STATUS [&Type "String"] "NORMAL TERMINATION"
$End
$Geometry
   &GeometryIndex 1
   &ListStatus       OUT
   &NATOMS [&Type "Integer"] 3
   &NCORELESSECP [&Type "Integer"] 0
   &NGHOSTATOMS [&Type "Integer"] 0
   &CartesianCoordinates [&Type "Coordinates", &Dim(3,4), &Units "Bohr"] 
              C     -0.000002648073   -0.002622791152   -0.054693748419
              O      1.163303525444    0.000853045998    0.017788889341
              O     -1.163300875859    0.000852996866    0.017787934084
$End
$SCF_Energy
   &GeometryIndex 1
   &ListStatus       OUT
   &SCF_ENERGY [&Type "Double"]      -1.8280744753616764e+02
$End
$DFT_Energy
   &GeometryIndex 1
   &ListStatus       OUT
   &NALPHAEL [&Type "Integer"] 11
   &NBETAEL [&Type "Integer"] 11
   &NTOTALEL [&Type "Integer"] 22
   &EEXCHANGE [&Type "Double"]      -1.8840706337447962e+01
   &ECORR [&Type "Double"]      -1.0015554788053076e+00
   &ECNL [&Type "Double"]       0.0000000000000000e+00
   &EXC [&Type "Double"]      -1.9842261816253270e+01
   &EEMBED [&Type "Double"]       0.0000000000000000e+00
   &FINALEN [&Type "Double"]      -1.8280744753616764e+02  "No Van der Waals correction"
$End
$Mulliken_Population_Analysis
   &GeometryIndex 1
   &ListStatus       OUT
   &NATOMS [&Type "Integer"] 3
   &ATNO [&Type "ArrayOfIntegers", &Dim (3,1)] 
                                                         0

0                                                        6
1                                                        8
2                                                        8
   &ATOMICCHARGES [&Type "ArrayOfDoubles", &Dim (3,1)] 
                                                         0

0                                      3.9218153063139205e-01
1                                      3.0389718733634696e-01
2                                      3.0392128203226065e-01
$End
$Loewdin_Population_Analysis
   &GeometryIndex 1
   &ListStatus       OUT
   &NATOMS [&Type "Integer"] 3
   &ATNO [&Type "ArrayOfIntegers", &Dim (3,1)] 
                                                         0

0                                                        6
1                                                        8
2                                                        8
   &ATOMICCHARGES [&Type "ArrayOfDoubles", &Dim (3,1)] 
                                                         0

0                                      4.1876222964298659e-01
1                                      2.9061047296092113e-01
2                                      2.9062729739612325e-01
$End
$Mayer_Population_Analysis
   &GeometryIndex 1
   &ListStatus       OUT
   &NATOMS [&Type "Integer"] 3 "Total number of atoms"
   &BONDTHRESH [&Type "Double"]       1.0000000000000001e-01  "The threshold for printing"
   &NBONDORDERSPRINT [&Type "Integer"] 3 "The number of bond orders larger than threshold"
   &BONDORDERS [&Type "ArrayOfDoubles", &Dim (3,1)] "The bond orders"
                                                         0

0                                      1.8569924734960095e+00
1                                      1.8570050048611537e+00
2                                      1.3029750025829911e+00
   &COMPONENTS [&Type "ArrayOfIntegers", &Dim (3,4)] "The indices and atomic numbers of the bonding atoms"
                                                         0                           1                           2                           3

0                                                        0                           6                           1                           8
1                                                        0                           6                           2                           8
2                                                        1                           8                           2                           8
   &ATNO [&Type "ArrayOfIntegers", &Dim (3,1)] "Atomic number of the elements"
                                                         0

0                                                        6
1                                                        8
2                                                        8
   &NA [&Type "ArrayOfDoubles", &Dim (3,1)] "Mulliken gross atomic population"
                                                         0

0                                      5.8925878724949365e+00
1                                      8.0537168711930036e+00
2                                      8.0536952563120945e+00
   &ZA [&Type "ArrayOfDoubles", &Dim (3,1)] "Total nuclear charge"
                                                         0

0                                      6.0000000000000000e+00
1                                      8.0000000000000000e+00
2                                      8.0000000000000000e+00
   &QA [&Type "ArrayOfDoubles", &Dim (3,1)] "Mulliken gross atomic charge"
                                                         0

0                                      1.0741212750506346e-01
1                                     -5.3716871193003612e-02
2                                     -5.3695256312094486e-02
   &VA [&Type "ArrayOfDoubles", &Dim (3,1)] "Mayer's total valence"
                                                         0

0                                      3.7139974783571668e+00
1                                      3.1599674760789780e+00
2                                      3.1599800074441404e+00
   &BVA [&Type "ArrayOfDoubles", &Dim (3,1)] "Mayer's bonded valence"
                                                         0

0                                      3.7139974783571632e+00
1                                      3.1599674760790006e+00
2                                      3.1599800074441449e+00
   &FA [&Type "ArrayOfDoubles", &Dim (3,1)] "Mayer's free valence"
                                                         0

0                                      0.0000000000000000e+00
1                                      0.0000000000000000e+00
2                                      0.0000000000000000e+00
$End
$Calculation_Info
   &GeometryIndex 1
   &ListStatus       OUT
   &MULT [&Type "Integer"] 1
   &CHARGE [&Type "Integer"] 0
   &NUMOFATOMS [&Type "Integer"] 3
   &NUMOFELECTRONS [&Type "Integer"] 22
   &NUMOFFCELECTRONS [&Type "Integer"] 1
   &NUMOFCORRELECTRONS [&Type "Integer"] 0
   &NUMOFBASISFUNCTS [&Type "Integer"] 42
   &NUMOFAUXCBASISFUNCTS [&Type "Integer"] 0
   &NUMOFAUXJBASISFUNCTS [&Type "Integer"] 147
   &NUMOFAUXJKBASISFUNCTS [&Type "Integer"] 0
   &NUMOFCABSBASISFUNCTS [&Type "Integer"] 0
   &TOTALENERGY [&Type "Double"]      -1.8280744753616764e+02  "Hartrees"
$End
$SCF_Dipole_Moment
   &GeometryIndex 1
   &ListStatus       OUT
   &METHOD [&Type "String"] "SCF"
   &LEVEL [&Type "String"] "Relaxed density"
   &MULT [&Type "Integer"] 1
   &STATE [&Type "Integer"] -1
   &IRREP [&Type "Integer"] 0
   &NATOMS [&Type "Integer"] 3
   &DODIPOLEATOM [&Type "Boolean"] false
   &DIPOLEELECCONTRIB [&Type "ArrayOfDoubles", &Dim (3,1)] "Electronic contribution"
                                                         0

0                                     -1.3728257406584940e-05
1                                     -4.1301999287308945e-03
2                                     -8.6127432340417032e-02
   &DIPOLENUCCONTRIB [&Type "ArrayOfDoubles", &Dim (3,1)] "Nuclear contribution"
                                                         0

0                                      1.6971434035895072e-08
1                                      1.4848162068029601e-05
2                                      3.0963316830118215e-04
   &DIPOLETOTAL [&Type "ArrayOfDoubles", &Dim (3,1)] "Total"
                                                         0

0                                     -1.3711285972549045e-05
1                                     -4.1153517666628649e-03
2                                     -8.5817799172115850e-02
   &DIPOLEMAGNITUDE [&Type "Double", &Units "a.u."]       8.5916418471141745e-02
$End
$SCF_Polarizability
   &GeometryIndex 1
   &ListStatus       OUT
   &METHOD [&Type "String"] "SCF"
   &LEVEL [&Type "String"] "Relaxed density"
   &MULT [&Type "Integer"] 1
   &STATE [&Type "Integer"] -1
   &IRREP [&Type "Integer"] 0
   &NATOMS [&Type "Integer"] 3
   &DODIPOLEATOM [&Type "Boolean"] false
   &RAWCARTESIAN [&Type "ArrayOfDoubles", &Units "a.u", &Dim (3,3)] 
                                                         0                           1                           2

0                                      8.4070597570535792e+00         1.1760252762185676e-07         1.7992359232243439e-06
1                                      1.1760252762185676e-07         4.1742575250581595e+00         1.9864001694071395e-03
2                                      1.7992359232243439e-06         1.9864001694071395e-03         4.2156348385860571e+00
   &DIAGONALIZEDTENSOR [&Type "ArrayOfDoubles", &Dim (3,1)] 
                                                         0

0                                      4.1741623827389400e+00
1                                      4.2157299809045012e+00
2                                      8.4070597570543555e+00
   &ORIENTATION [&Type "ArrayOfDoubles", &Dim (3,3)] 
                                                         0                           1                           2

0                                     -7.4154415269837713e-09        -4.3012649527995322e-07        -9.9999999999990730e-01
1                                      9.9885491551568673e-01         4.7842008216105805e-02        -2.7985065541281072e-08
2                                     -4.7842008216113410e-02         9.9885491551559447e-01        -4.2927919448945701e-07
   &ISOTROPICPOLAR [&Type "Double"]       5.5989840402325983e+00
$End
$THERMOCHEMISTRY_Energies
   &GeometryIndex 1
   &ListStatus       OUT
   &TEMPERATURE [&Type "Double"]       2.9814999999999998e+02
   &PRESSURE [&Type "Double"]       1.0000000000000000e+00
   &TOTALMASS [&Type "Double"]       4.4009000000000000e+01
   &SPINDEGENERACY [&Type "Integer"] 1
   &ELENERGY [&Type "Double"]      -1.8280744753616764e+02
   &TRANSENERGY [&Type "Double"]       1.4162714244859817e-03
   &ROTENERGY [&Type "Double"]       1.4162714244859817e-03
   &VIBENERGY [&Type "Double"]       1.2168801416371397e-17
   &NUMOFFREQS [&Type "Integer"] 9
   &FREQSCALINGFACTOR [&Type "Double"]       1.0000000000000000e+00
   &FREQ [&Type "ArrayOfDoubles", &Dim (9,1)] "In cm^-1"
                                                         0

0                                      0.0000000000000000e+00
1                                      0.0000000000000000e+00
2                                      0.0000000000000000e+00
3                                      0.0000000000000000e+00
4                                      0.0000000000000000e+00
5                                      0.0000000000000000e+00
6                                     -6.4690945344705569e+03
7                                      7.3677561586058282e+03
8                                      1.3990414553840536e+04
   &ZPE [&Type "Double"]       4.8657493143230278e-02
   &INNERENERGYU [&Type "Double"]      -1.8275595750017544e+02
   &ENTHALPYH [&Type "Double"]      -1.8275501329113320e+02
   &QEL [&Type "Double"]       0.0000000000000000e+00
   &QROT [&Type "Double"]       5.1575363880094361e-03
   &QVIB [&Type "Double"]      -2.5399663303256698e-11
   &QTRANS [&Type "Double"]       1.7708800485862652e-02
   &ENTROPYS [&Type "Double"]       2.2866336848472422e-02
   &FREEENERGYG [&Type "Double"]      -1.8277787962798166e+02
   &ISLINEAR [&Type "Boolean"] false
$End
$Hessian
   &GeometryIndex 1
   &ListStatus       OUT
   &HESSIAN [&Type "ArrayOfDoubles", &Dim (9,9)] "The Hessian"
                                                         0                           1                           2                           3                           4                           5                           6                           7

0                                      6.4595491936695566e+01        -2.2539505026841766e-06        -4.9735973034925607e-05        -3.2297343876692672e+01        -1.1736106417935978e-01        -2.4476703965379576e+00        -3.2298148060002887e+01         1.1736330427663597e-01
1                                     -2.2539505026841766e-06        -1.3955470131304738e+01         1.2857785279543074e-02        -9.8421094747192045e-02         6.9775998100509318e+00        -6.4285500950203075e-03         9.8423362550921226e-02         6.9778703212538060e+00
2                                     -4.9735973034925607e-05         1.2857785279543074e-02        -1.3686006645939319e+01        -2.0516938417986634e+00        -6.4291819117375960e-03         6.8428693278777981e+00         2.0517438156178063e+00        -6.4292379303005657e-03
3                                     -3.2297343876692672e+01        -9.8421094747192045e-02        -2.0516938417986634e+00         3.2448957913176955e+01         1.0789118390389127e-01         2.2496834730212596e+00        -1.5161403648428484e-01        -9.4776928726552079e-03
4                                     -1.1736106417935978e-01         6.9775998100509318e+00        -6.4291819117375960e-03         1.0789118390389127e-01        -7.7889941096577155e+00         6.8590289393898347e-03         9.4774839914244756e-03         8.1139429960678411e-01
5                                     -2.4476703965379576e+00        -6.4285500950203075e-03         6.8428693278777981e+00         2.2496834730212596e+00         6.8590289393898347e-03        -7.6452967361452862e+00         1.9797924626450003e-01        -4.3016090963198948e-04
6                                     -3.2298148060002887e+01         9.8423362550921226e-02         2.0517438156178063e+00        -1.5161403648428484e-01         9.4774839914244756e-03         1.9797924626450003e-01         3.2449762096487170e+01        -1.0789322897316322e-01
7                                      1.1736330427663597e-01         6.9778703212538060e+00        -6.4292379303005657e-03        -9.4776928726552079e-03         8.1139429960678411e-01        -4.3016090963198948e-04        -1.0789322897316322e-01        -7.7892646208605898e+00
8                                      2.4477198946648846e+00        -6.4286006220276816e-03         6.8431373180615198e+00        -1.9798195397039822e-01        -4.3016496238977727e-04         8.0242740826748782e-01        -2.2497305012883961e+00         6.8590822121750075e-03
                                                         8

0                                      2.4477198946648846e+00
1                                     -6.4286006220276816e-03
2                                      6.8431373180615198e+00
3                                     -1.9798195397039822e-01
4                                     -4.3016496238977727e-04
5                                      8.0242740826748782e-01
6                                     -2.2497305012883961e+00
7                                      6.8590822121750075e-03
8                                     -7.6455647263290079e+00
   &MODES [&Type "ArrayOfDoubles", &Dim (9,9)] "The modes of vibrations"
                                                         0                           1                           2                           3                           4                           5                           6                           7

0                                      0.0000000000000000e+00         0.0000000000000000e+00         0.0000000000000000e+00         0.0000000000000000e+00         0.0000000000000000e+00         0.0000000000000000e+00        -6.8304128579873424e-08        -2.2190885573841565e-06
1                                      0.0000000000000000e+00         0.0000000000000000e+00         0.0000000000000000e+00         0.0000000000000000e+00         0.0000000000000000e+00         0.0000000000000000e+00        -1.1757901917527583e-02        -7.9790489738137819e-04
2                                      0.0000000000000000e+00         0.0000000000000000e+00         0.0000000000000000e+00         0.0000000000000000e+00         0.0000000000000000e+00         0.0000000000000000e+00        -2.4519104781951548e-01        -1.6638949637506905e-02
3                                      0.0000000000000000e+00         0.0000000000000000e+00         0.0000000000000000e+00         0.0000000000000000e+00         0.0000000000000000e+00         0.0000000000000000e+00        -1.1969093316330680e-02         1.7637740011274564e-01
4                                      0.0000000000000000e+00         0.0000000000000000e+00         0.0000000000000000e+00         0.0000000000000000e+00         0.0000000000000000e+00         0.0000000000000000e+00         4.4135155944556069e-03         2.9951252618976883e-04
5                                      0.0000000000000000e+00         0.0000000000000000e+00         0.0000000000000000e+00         0.0000000000000000e+00         0.0000000000000000e+00         0.0000000000000000e+00         9.2036362010518333e-02         6.2458190970272748e-03
6                                      0.0000000000000000e+00         0.0000000000000000e+00         0.0000000000000000e+00         0.0000000000000000e+00         0.0000000000000000e+00         0.0000000000000000e+00         1.1969144594591112e-02        -1.7637573416658262e-01
7                                      0.0000000000000000e+00         0.0000000000000000e+00         0.0000000000000000e+00         0.0000000000000000e+00         0.0000000000000000e+00         0.0000000000000000e+00         4.4135460926138809e-03         2.9950214488011099e-04
8                                      0.0000000000000000e+00         0.0000000000000000e+00         0.0000000000000000e+00         0.0000000000000000e+00         0.0000000000000000e+00         0.0000000000000000e+00         9.2036997284449973e-02         6.2456131234924026e-03
                                                         8

0                                      2.4590683592279616e-01
1                                     -9.4309015499153722e-09
2                                     -2.0399272500690840e-07
3                                     -9.2303772348224525e-02
4                                     -2.7579422103669686e-04
5                                     -5.7512166859460092e-03
6                                     -9.2306953713948356e-02
7                                      2.7580130113916016e-04
8                                      5.7513698303063489e-03
$End
