
$orca_hessian_file

$act_atom
  0

$act_coord
  0

$act_energy
        0.000000

$multiplicity
  1

$hessian
9
                    0                  1                  2                  3                  4        
    0      6.4595507413E+01  -2.2538040850E-06  -4.9741063399E-05  -3.2297351629E+01  -1.1736107950E-01
    1     -2.2538040850E-06  -1.3955465695E+01   1.2857719134E-02  -9.8420949177E-02   6.9775975875E+00
    2     -4.9741063399E-05   1.2857719134E-02  -1.3686003579E+01  -2.0516908006E+00  -6.4291488710E-03
    3     -3.2297351629E+01  -9.8420949177E-02  -2.0516908006E+00   3.2448964989E+01   1.0789111878E-01
    4     -1.1736107950E-01   6.9775975875E+00  -6.4291488710E-03   1.0789111878E-01  -7.7889941501E+00
    5     -2.4476707124E+00  -6.4285170878E-03   6.8428677907E+00   2.2496821108E+00   6.8590125203E-03
    6     -3.2298155784E+01   9.8423216832E-02   2.0517407793E+00  -1.5161335965E-01   9.4775644157E-03
    7      1.1736331945E-01   6.9778681073E+00  -6.4292048327E-03  -9.4777732997E-03   8.1139656256E-01
    8      2.4477202157E+00  -6.4285674758E-03   6.8431357885E+00  -1.9798363310E-01  -4.3018158797E-04
                    5                  6                  7                  8        
     0     -2.4476707124E+00  -3.2298155784E+01   1.1736331945E-01   2.4477202157E+00
     1     -6.4285170878E-03   9.8423216832E-02   6.9778681073E+00  -6.4285674758E-03
     2      6.8428677907E+00   2.0517407793E+00  -6.4292048327E-03   6.8431357885E+00
     3      2.2496821108E+00  -1.5161335965E-01  -9.4777732997E-03  -1.9798363310E-01
     4      6.8590125203E-03   9.4775644157E-03   8.1139656256E-01  -4.3018158797E-04
     5     -7.6452971168E+00   1.9798092435E-01  -4.3017749381E-04   8.0242932608E-01
     6      1.9798092435E-01   3.2449769144E+01  -1.0789316370E-01  -2.2497291432E+00
     7     -4.3017749381E-04  -1.0789316370E-01  -7.7892646699E+00   6.8590656951E-03
     8      8.0242932608E-01  -2.2497291432E+00   6.8590656951E-03  -7.6455651145E+00

$vibrational_frequencies
9
    0        0.0000000000000000
    1        0.0000000000000000
    2        0.0000000000000000
    3        0.0000000000000000
    4        0.0000000000000000
    5        0.0000000000000000
    6    -6469.0937171457235308
    7     7367.7567856139976357
    8    13990.4162278165713360

$normal_modes
9 9
                    0                  1                  2                  3                  4        
    0      0.0000000000E+00   0.0000000000E+00   0.0000000000E+00   0.0000000000E+00   0.0000000000E+00
    1      0.0000000000E+00   0.0000000000E+00   0.0000000000E+00   0.0000000000E+00   0.0000000000E+00
    2      0.0000000000E+00   0.0000000000E+00   0.0000000000E+00   0.0000000000E+00   0.0000000000E+00
    3      0.0000000000E+00   0.0000000000E+00   0.0000000000E+00   0.0000000000E+00   0.0000000000E+00
    4      0.0000000000E+00   0.0000000000E+00   0.0000000000E+00   0.0000000000E+00   0.0000000000E+00
    5      0.0000000000E+00   0.0000000000E+00   0.0000000000E+00   0.0000000000E+00   0.0000000000E+00
    6      0.0000000000E+00   0.0000000000E+00   0.0000000000E+00   0.0000000000E+00   0.0000000000E+00
    7      0.0000000000E+00   0.0000000000E+00   0.0000000000E+00   0.0000000000E+00   0.0000000000E+00
    8      0.0000000000E+00   0.0000000000E+00   0.0000000000E+00   0.0000000000E+00   0.0000000000E+00
                    5                  6                  7                  8        
     0      0.0000000000E+00  -2.4538516511E-07  -8.8708621594E-06   8.8288472366E-01
     1      0.0000000000E+00  -4.2229126010E-02  -3.1897506935E-03  -3.3862255155E-08
     2      0.0000000000E+00  -8.8061660384E-01  -6.6516825901E-02  -7.3244715233E-07
     3      0.0000000000E+00  -4.2987567398E-02   7.0509752372E-01  -3.3140026501E-01
     4      0.0000000000E+00   1.5851374462E-02   1.1973485700E-03  -9.9019005919E-04
     5      0.0000000000E+00   3.3055345725E-01   2.4968647086E-02  -2.0648719793E-02
     6      0.0000000000E+00   4.2987751617E-02  -7.0509086406E-01  -3.3141168673E-01
     7      0.0000000000E+00   1.5851483998E-02   1.1973070697E-03   9.9021548075E-04
     8      0.0000000000E+00   3.3055573887E-01   2.4967823687E-02   2.0649269666E-02

#
# The atoms: label  mass x y z (in bohrs)
#
$atoms
3
 C     12.01100     -0.000002888585    -0.002527188781    -0.052700224043
 O     15.99900      1.163303284932     0.000948648370     0.019782413717
 O     15.99900     -1.163301116371     0.000948599237     0.019781458461

$actual_temperature
  0.000000

$frequency_scale_factor
  1.000000

$dipole_derivatives
9
    3.4340383304E+00    2.9288344566E-08    3.5585585533E-08
    5.7809281601E-08    1.1840552183E+00   -3.7204394952E-04
    1.5041123226E-06   -3.7171819327E-04    1.1762627451E+00
   -1.7170160005E+00    2.3368338707E-03    4.8718709405E-02
   -3.3358981860E-03   -5.9192916527E-01    1.8424560224E-04
   -7.0082893468E-02    1.8562347250E-04   -5.8806808143E-01
   -1.7170082681E+00   -2.3368636963E-03   -4.8718760017E-02
    3.3358367892E-03   -5.9192144248E-01    1.8424419876E-04
    7.0081325249E-02    1.8562173278E-04   -5.8806036716E-01

#
# The IR spectrum
#  wavenumber eps Int TX TY TZ
#
$ir_spectrum
9
      0.00   0.00000000   0.00000000     0.000000     0.000000     0.000000
      0.00   0.00000000   0.00000000     0.000000     0.000000     0.000000
      0.00   0.00000000   0.00000000     0.000000     0.000000     0.000000
      0.00   0.00000000   0.00000000     0.000000     0.000000     0.000000
      0.00   0.00000000   0.00000000     0.000000     0.000000     0.000000
      0.00   0.00000000   0.00000000     0.000000     0.000000     0.000000
  -6469.09   0.00000000   0.00000000     0.000000     0.000000     0.000000
   7367.76   0.00001831   0.09253373    -0.000001    -0.000042    -0.000880
  13990.42   0.26058121 1316.87063983     0.076239     0.000000    -0.000000


$end

