
$orca_hessian_file

$act_atom
  0

$act_coord
  0

$act_energy
        0.000000

$multiplicity
  1

$hessian
9
                    0                  1                  2                  3                  4        
    0      6.4595831631E+01  -2.2547396615E-06  -4.9765904280E-05  -3.2297513775E+01  -1.1736099865E-01
    1     -2.2547396615E-06  -1.3955282550E+01   1.2856737011E-02  -9.8417605650E-02   6.9775060075E+00
    2     -4.9765904280E-05   1.2856737011E-02  -1.3685841259E+01  -2.0516211474E+00  -6.4286583290E-03
    3     -3.2297513775E+01  -9.8417605650E-02  -2.0516211474E+00   3.2449122177E+01   1.0788940675E-01
    4     -1.1736099865E-01   6.9775060075E+00  -6.4286583290E-03   1.0788940675E-01  -7.7889655191E+00
    5     -2.4476690670E+00  -6.4280263346E-03   6.8427866264E+00   2.2496464655E+00   6.8587370303E-03
    6     -3.2298317857E+01   9.8419874249E-02   2.0516711511E+00  -1.5160840225E-01   9.4791951420E-03
    7      1.1736323953E-01   6.9777765423E+00  -6.4287134106E-03  -9.4794043388E-03   8.1145951156E-01
    8      2.4477185951E+00  -6.4280759482E-03   6.8430546329E+00  -1.9801764102E-01  -4.3039671912E-04
                    5                  6                  7                  8        
     0     -2.4476690670E+00  -3.2298317857E+01   1.1736323953E-01   2.4477185951E+00
     1     -6.4280263346E-03   9.8419874249E-02   6.9777765423E+00  -6.4280759482E-03
     2      6.8427866264E+00   2.0516711511E+00  -6.4287134106E-03   6.8430546329E+00
     3      2.2496464655E+00  -1.5160840225E-01  -9.4794043388E-03  -1.9801764102E-01
     4      6.8587370303E-03   9.4791951420E-03   8.1145951156E-01  -4.3039671912E-04
     5     -7.6452743342E+00   1.9801492431E-01  -4.3039267774E-04   8.0248770781E-01
     6      1.9801492431E-01   3.2449926259E+01  -1.0789145229E-01  -2.2496935147E+00
     7     -4.3039267774E-04  -1.0789145229E-01  -7.7892360539E+00   6.8587893779E-03
     8      8.0248770781E-01  -2.2496935147E+00   6.8587893779E-03  -7.6455423407E+00

$vibrational_frequencies
9
    0        0.0000000000000000
    1        0.0000000000000000
    2        0.0000000000000000
    3        0.0000000000000000
    4        0.0000000000000000
    5        0.0000000000000000
    6    -6469.0535507928452716
    7     7367.7718975322995902
    8    13990.4512361182805762

$normal_modes
9 9
                    0                  1                  2                  3                  4        
    0      0.0000000000E+00   0.0000000000E+00   0.0000000000E+00   0.0000000000E+00   0.0000000000E+00
    1      0.0000000000E+00   0.0000000000E+00   0.0000000000E+00   0.0000000000E+00   0.0000000000E+00
    2      0.0000000000E+00   0.0000000000E+00   0.0000000000E+00   0.0000000000E+00   0.0000000000E+00
    3      0.0000000000E+00   0.0000000000E+00   0.0000000000E+00   0.0000000000E+00   0.0000000000E+00
    4      0.0000000000E+00   0.0000000000E+00   0.0000000000E+00   0.0000000000E+00   0.0000000000E+00
    5      0.0000000000E+00   0.0000000000E+00   0.0000000000E+00   0.0000000000E+00   0.0000000000E+00
    6      0.0000000000E+00   0.0000000000E+00   0.0000000000E+00   0.0000000000E+00   0.0000000000E+00
    7      0.0000000000E+00   0.0000000000E+00   0.0000000000E+00   0.0000000000E+00   0.0000000000E+00
    8      0.0000000000E+00   0.0000000000E+00   0.0000000000E+00   0.0000000000E+00   0.0000000000E+00
                    5                  6                  7                  8        
     0      0.0000000000E+00  -2.4570042239E-07  -8.8700553039E-06   8.8288472366E-01
     1      0.0000000000E+00  -4.2229130870E-02  -3.1896519329E-03  -3.3874172473E-08
     2      0.0000000000E+00  -8.8061670518E-01  -6.6514766418E-02  -7.3269566775E-07
     3      0.0000000000E+00  -4.2986233641E-02   7.0509764822E-01  -3.3140026554E-01
     4      0.0000000000E+00   1.5851376287E-02   1.1973114977E-03  -9.9019005472E-04
     5      0.0000000000E+00   3.3055349530E-01   2.4967874007E-02  -2.0648719700E-02
     6      0.0000000000E+00   4.2986418097E-02  -7.0509098917E-01  -3.3141168620E-01
     7      0.0000000000E+00   1.5851485822E-02   1.1972699990E-03   9.9021548522E-04
     8      0.0000000000E+00   3.3055577690E-01   2.4967050641E-02   2.0649269759E-02

#
# The atoms: label  mass x y z (in bohrs)
#
$atoms
3
 C     12.01100     -0.000002888585    -0.002527188781    -0.052700224043
 O     15.99900      1.163303284932     0.000948648370     0.019782413717
 O     15.99900     -1.163301116371     0.000948599237     0.019781458461

$actual_temperature
  0.000000

$frequency_scale_factor
  1.000000

$dipole_derivatives
9
    3.4340742227E+00    3.1450181387E-08    3.0903222087E-08
    5.6680704796E-08    1.1840665437E+00   -3.7220129545E-04
    1.4994835872E-06   -3.7187495915E-04    1.1762708177E+00
   -1.7170339228E+00    2.3371045227E-03    4.8724379710E-02
   -3.3355550666E-03   -5.9193482933E-01    1.8432410960E-04
   -7.0075812683E-02    1.8570184233E-04   -5.8807212276E-01
   -1.7170262365E+00   -2.3371365180E-03   -4.8724425646E-02
    3.3354947813E-03   -5.9192708898E-01    1.8432298141E-04
    7.0074248854E-02    1.8570010014E-04   -5.8806439128E-01

#
# The IR spectrum
#  wavenumber eps Int TX TY TZ
#
$ir_spectrum
9
      0.00   0.00000000   0.00000000     0.000000     0.000000     0.000000
      0.00   0.00000000   0.00000000     0.000000     0.000000     0.000000
      0.00   0.00000000   0.00000000     0.000000     0.000000     0.000000
      0.00   0.00000000   0.00000000     0.000000     0.000000     0.000000
      0.00   0.00000000   0.00000000     0.000000     0.000000     0.000000
      0.00   0.00000000   0.00000000     0.000000     0.000000     0.000000
  -6469.05   0.00000000   0.00000000     0.000000     0.000000     0.000000
   7367.77   0.00001830   0.09248331    -0.000001    -0.000042    -0.000879
  13990.45   0.26058662 1316.89796325     0.076240     0.000000    -0.000000


$end

