
$orca_hessian_file

$act_atom
  0

$act_coord
  0

$act_energy
      -40.501674

$multiplicity
  1

$hessian
15
                    0                  1                  2                  3                  4        
    0      5.4136595783E-01   6.7654142310E-06   1.1985802331E-04  -4.5078555888E-02  -1.0456181317E-06
    1      6.7654142310E-06   5.4066176319E-01  -1.2994988851E-06  -1.5103344529E-07  -4.5081752427E-02
    2      1.1985802331E-04  -1.2994988851E-06   5.4129481512E-01   4.4353939765E-06  -4.4754616269E-07
    3     -4.5078555888E-02  -1.5103344529E-07   4.4353939765E-06   4.4514656141E-02  -8.0265668515E-07
    4     -1.0456181317E-06  -4.5081752427E-02  -4.4754616269E-07  -8.0265668515E-07   4.4548400555E-02
    5     -4.1809036042E-06  -1.2575532357E-06  -3.1531918166E-01  -1.1386279949E-04  -1.1365780645E-06
    6     -2.8527713086E-01  -8.2769857299E-06   8.4925608084E-02   1.9186365966E-03   2.2808430052E-06
    7      3.9525488448E-06  -4.5109088969E-02   1.2528545470E-06  -1.9436557917E-08  -1.5504287593E-03
    8      8.5193515931E-02  -3.4392163785E-06  -7.5337283283E-02   3.1327169967E-02   1.8548738628E-06
    9     -1.0550521255E-01  -1.0439450260E-01  -4.2597198934E-02  -6.7645993185E-04   1.5547245366E-03
   10     -1.0402390628E-01  -2.2523797741E-01  -7.3548598335E-02   1.5074537473E-03   1.0405716305E-03
   11     -4.2579533306E-02  -7.3768334182E-02  -7.5319719343E-02  -1.5670775967E-02  -2.7138868083E-02
   12     -1.0550505853E-01   1.0439208629E-01  -4.2602392746E-02  -6.7827691761E-04  -1.5540326517E-03
   13      1.0401831285E-01  -2.2523294438E-01   7.3553110020E-02  -1.5076050737E-03   1.0432090007E-03
   14     -4.2579969566E-02   7.3770312956E-02  -7.5318630838E-02  -1.5669051634E-02   2.7140548149E-02
                    5                  6                  7                  8                  9        
    0     -4.1809036042E-06  -2.8527713086E-01   3.9525488448E-06   8.5193515931E-02  -1.0550521255E-01
    1     -1.2575532357E-06  -8.2769857299E-06  -4.5109088969E-02  -3.4392163785E-06  -1.0439450260E-01
    2     -3.1531918166E-01   8.4925608084E-02   1.2528545470E-06  -7.5337283283E-02  -4.2597198934E-02
    3     -1.1386279949E-04   1.9186365966E-03  -1.9436557917E-08   3.1327169967E-02  -6.7645993185E-04
    4     -1.1365780645E-06   2.2808430052E-06  -1.5504287593E-03   1.8548738628E-06   1.5547245366E-03
    5      3.4186731794E-01  -4.1406759773E-04   5.9630464599E-08  -8.8499923016E-03   3.2698227935E-04
    6     -4.1406759773E-04   3.0888902869E-01   2.2447564439E-06  -9.3698670201E-02  -1.2766019581E-02
    7      5.9630464599E-08   2.2447564439E-06   4.4561420022E-02  -2.5448526479E-06  -2.5062468791E-02
    8     -8.8499923016E-03  -9.3698670201E-02  -2.5448526479E-06   7.7768378053E-02  -1.1429866520E-02
    9      3.2698227935E-04  -1.2766019581E-02  -2.5062468791E-02  -1.1429866520E-02   1.1093013630E-01
   10      3.5960784068E-04   8.3570004699E-04   1.0462687925E-03   1.2612786987E-03   1.1479095386E-01
   11     -8.8460796501E-03   4.6101931157E-03   1.0502654398E-02   3.2110232844E-03   4.6885820061E-02
   12      3.2721406099E-04  -1.2764514843E-02   2.5054709146E-02  -1.1427857895E-02   8.0175557582E-03
   13     -3.5922415548E-04  -8.3036688444E-04   1.0518289134E-03  -1.2584514339E-03   1.3064220445E-02
   14     -8.8520643300E-03   4.6126453173E-03  -1.0500120100E-02   3.2078742477E-03   6.7815954584E-03
                   10                 11                 12                 13                 14        
    0     -1.0402390628E-01  -4.2579533306E-02  -1.0550505853E-01   1.0401831285E-01  -4.2579969566E-02
    1     -2.2523797741E-01  -7.3768334182E-02   1.0439208629E-01  -2.2523294438E-01   7.3770312956E-02
    2     -7.3548598335E-02  -7.5319719343E-02  -4.2602392746E-02   7.3553110020E-02  -7.5318630838E-02
    3      1.5074537473E-03  -1.5670775967E-02  -6.7827691761E-04  -1.5076050737E-03  -1.5669051634E-02
    4      1.0405716305E-03  -2.7138868083E-02  -1.5540326517E-03   1.0432090007E-03   2.7140548149E-02
    5      3.5960784068E-04  -8.8460796501E-03   3.2721406099E-04  -3.5922415548E-04  -8.8520643300E-03
    6      8.3570004699E-04   4.6101931157E-03  -1.2764514843E-02  -8.3036688444E-04   4.6126453173E-03
    7      1.0462687925E-03   1.0502654398E-02   2.5054709146E-02   1.0518289134E-03  -1.0500120100E-02
    8      1.2612786987E-03   3.2110232844E-03  -1.1427857895E-02  -1.2584514339E-03   3.2078742477E-03
    9      1.1479095386E-01   4.6885820061E-02   8.0175557582E-03   1.3064220445E-02   6.7815954584E-03
   10      2.4315631140E-01   8.1170223747E-02  -1.3063128825E-02  -2.0005174410E-02  -9.2473416752E-03
   11      8.1170223747E-02   7.7749577912E-02   6.7869637511E-03   9.2391538434E-03   3.2051977972E-03
   12     -1.3063128825E-02   6.7869637511E-03   1.1093029453E-01  -1.1478709765E-01   4.6885426627E-02
   13     -2.0005174410E-02   9.2391538434E-03  -1.1478709765E-01   2.4314308088E-01  -8.1168993802E-02
   14     -9.2473416752E-03   3.2051977972E-03   4.6885426627E-02  -8.1168993802E-02   7.7757623123E-02

$vibrational_frequencies
15
    0        0.0000000000000000
    1        0.0000000000000000
    2        0.0000000000000000
    3        0.0000000000000000
    4        0.0000000000000000
    5        0.0000000000000000
    6     1338.7234521479922478
    7     1340.2492281261957032
    8     1340.6219881470362907
    9     1554.6732493178919867
   10     1555.0604092789815240
   11     3028.3653438282117349
   12     3129.6397966650533817
   13     3131.7067610571857585
   14     3132.7515487297850996

$normal_modes
15 15
                    0                  1                  2                  3                  4        
    0      0.0000000000E+00   0.0000000000E+00   0.0000000000E+00   0.0000000000E+00   0.0000000000E+00
    1      0.0000000000E+00   0.0000000000E+00   0.0000000000E+00   0.0000000000E+00   0.0000000000E+00
    2      0.0000000000E+00   0.0000000000E+00   0.0000000000E+00   0.0000000000E+00   0.0000000000E+00
    3      0.0000000000E+00   0.0000000000E+00   0.0000000000E+00   0.0000000000E+00   0.0000000000E+00
    4      0.0000000000E+00   0.0000000000E+00   0.0000000000E+00   0.0000000000E+00   0.0000000000E+00
    5      0.0000000000E+00   0.0000000000E+00   0.0000000000E+00   0.0000000000E+00   0.0000000000E+00
    6      0.0000000000E+00   0.0000000000E+00   0.0000000000E+00   0.0000000000E+00   0.0000000000E+00
    7      0.0000000000E+00   0.0000000000E+00   0.0000000000E+00   0.0000000000E+00   0.0000000000E+00
    8      0.0000000000E+00   0.0000000000E+00   0.0000000000E+00   0.0000000000E+00   0.0000000000E+00
    9      0.0000000000E+00   0.0000000000E+00   0.0000000000E+00   0.0000000000E+00   0.0000000000E+00
   10      0.0000000000E+00   0.0000000000E+00   0.0000000000E+00   0.0000000000E+00   0.0000000000E+00
   11      0.0000000000E+00   0.0000000000E+00   0.0000000000E+00   0.0000000000E+00   0.0000000000E+00
   12      0.0000000000E+00   0.0000000000E+00   0.0000000000E+00   0.0000000000E+00   0.0000000000E+00
   13      0.0000000000E+00   0.0000000000E+00   0.0000000000E+00   0.0000000000E+00   0.0000000000E+00
   14      0.0000000000E+00   0.0000000000E+00   0.0000000000E+00   0.0000000000E+00   0.0000000000E+00
                    5                  6                  7                  8                  9        
    0      0.0000000000E+00   1.1733024280E-03  -6.6130459449E-02   1.0603700821E-01  -3.0872861288E-04
    1      0.0000000000E+00   1.2501569447E-01   3.5013370749E-03   7.9985579008E-04  -2.1451867416E-06
    2      0.0000000000E+00  -3.3884614495E-03   1.0593852691E-01   6.6141516966E-02  -1.0764699039E-04
    3      0.0000000000E+00  -5.6852912481E-03   3.2028851407E-01  -5.1441704705E-01  -4.9796165181E-01
    4      0.0000000000E+00  -6.0379787537E-01  -1.6902236477E-02  -3.8094806791E-03  -8.0227713484E-03
    5      0.0000000000E+00  -2.4943812691E-03   7.7803006815E-02   4.8774606815E-02  -6.0858250792E-04
    6      0.0000000000E+00   6.0817695474E-03  -1.9284102100E-01  -1.0444713198E-01  -1.6746983059E-01
    7      0.0000000000E+00  -6.0405225482E-01  -1.6911298177E-02  -3.9118214276E-03   8.0284236915E-03
    8      0.0000000000E+00   1.2225307974E-02  -3.3047423133E-01  -4.6615445854E-01  -4.6971892573E-01
    9      0.0000000000E+00   2.6021030880E-01   3.3775181260E-01  -3.2058307735E-01   3.2992563440E-01
   10      0.0000000000E+00  -1.4352399853E-01   1.5018733845E-02   3.2515035806E-01  -2.8984496532E-01
   11      0.0000000000E+00   2.0424920152E-01  -4.9954449504E-01  -1.8420550918E-01   2.4236088364E-01
   12      0.0000000000E+00  -2.7458747704E-01   3.2278973049E-01  -3.2405522929E-01   3.3918455768E-01
   13      0.0000000000E+00  -1.3827220691E-01  -2.2925992453E-02  -3.2695987728E-01   2.8986487432E-01
   14      0.0000000000E+00  -1.7360432419E-01  -5.1011329505E-01  -1.8653543302E-01   2.2924931111E-01
                   10                 11                 12                 13                 14        
    0      1.3798322687E-05  -8.5037221379E-04  -3.7673157929E-02  -8.3905722289E-02   1.8802106193E-03
    1      2.8469957744E-05  -1.0330153160E-05  -9.3299659210E-05   2.0998256384E-03   9.1866681028E-02
    2      8.4751519210E-06  -9.5796818398E-04   8.3987643680E-02  -3.7639844155E-02   9.4183488863E-04
    3      7.9501431857E-03  -3.7985396207E-04  -8.2809181754E-03  -1.8663008677E-02   4.0784915850E-04
    4     -5.0006579482E-01   2.8219243723E-06  -7.0807913477E-06   4.6409371235E-04   2.0341722695E-02
    5      3.2434682351E-06   5.0857234979E-01  -7.8328922667E-01   3.4608839622E-01  -8.6388909359E-03
    6      2.6807020283E-03   4.7541063956E-01   5.6837157471E-01   5.7670769792E-01  -1.2563078948E-02
    7      4.9980531140E-01   8.1713478312E-06  -1.7347234682E-05   4.6598791139E-04   2.0322523591E-02
    8      7.4994637977E-03  -1.6846568494E-01  -1.8610991579E-01  -2.1910862674E-01   4.8039213972E-03
    9     -2.9398325119E-01  -2.3242137114E-01  -5.5256784986E-02   2.1311379714E-01  -3.4459882683E-01
   10      4.6423078373E-03  -4.0297754857E-01  -8.1768051263E-02   3.9996227210E-01  -5.7722801517E-01
   11      4.0443085638E-01  -1.6432309180E-01  -1.5452454356E-02   1.5527592324E-01  -2.4374763593E-01
   12      2.8318798965E-01  -2.3247665586E-01  -5.5932780393E-02   2.2863479776E-01   3.3435007870E-01
   13     -4.7210631689E-03   4.0308964604E-01   8.2904207669E-02  -4.2591319275E-01  -5.5808970913E-01
   14     -4.1203455080E-01  -1.6436873588E-01  -1.5917835960E-02   1.6624844235E-01   2.3636000741E-01

#
# The atoms: label  mass x y z (in bohrs)
#
$atoms
5
 C     12.01100      0.000002096064    -0.000000012359    -0.000000326074
 H      1.00800     -0.000005257329     0.000000070303     2.058786821913
 H      1.00800      1.941037640504    -0.000000016776    -0.686260494195
 H      1.00800     -0.970528642849    -1.680991516940    -0.686261248502
 H      1.00800     -0.970528716343     1.680991610683    -0.686261193820

$actual_temperature
  0.000000

$frequency_scale_factor
  1.000000

$dipole_derivatives
15
   -2.4497825832E-03    5.6061706388E-07   -5.5947994602E-05
    7.2500993876E-07   -2.4910046157E-03   -1.3762547911E-06
    2.2816363866E-05    1.9528662088E-07   -2.3898425792E-03
    7.1907823883E-02    5.1636660288E-07    2.8860207970E-05
    1.3821969581E-07    7.1894393591E-02    6.3006288265E-07
    4.3512084446E-05    1.6420596452E-07   -1.4062223206E-01
   -1.1712186370E-01   -2.5666095315E-07    6.6618758908E-02
   -1.9852079172E-07    7.1939283718E-02    1.7086355614E-06
    6.3542911986E-02   -6.4452948952E-07    4.7978123493E-02
    2.5877211300E-02   -7.7098394540E-02   -3.1475490367E-02
   -8.1731973389E-02   -7.0141342536E-02   -5.7801433854E-02
   -3.1806659914E-02   -5.5108132141E-02    4.7937822749E-02
    2.5877307462E-02    7.7095930519E-02   -3.1475380944E-02
    8.1732976735E-02   -7.0140025506E-02    5.7800788886E-02
   -3.1803744253E-02    5.5109295315E-02    4.7934366552E-02

#
# The IR spectrum
#  wavenumber eps Int TX TY TZ
#
$ir_spectrum
15
      0.00   0.00000000   0.00000000     0.000000     0.000000     0.000000
      0.00   0.00000000   0.00000000     0.000000     0.000000     0.000000
      0.00   0.00000000   0.00000000     0.000000     0.000000     0.000000
      0.00   0.00000000   0.00000000     0.000000     0.000000     0.000000
      0.00   0.00000000   0.00000000     0.000000     0.000000     0.000000
      0.00   0.00000000   0.00000000     0.000000     0.000000     0.000000
   1338.72   0.00274226  13.85825238    -0.000247    -0.025272     0.000698
   1340.25   0.00284827  14.39399595     0.013832    -0.000707    -0.021711
   1340.62   0.00291801  14.74644991    -0.022010    -0.000161    -0.013956
   1554.67   0.00000295   0.01491814     0.000717    -0.000002     0.000281
   1555.06   0.00000005   0.00023468    -0.000014    -0.000095    -0.000005
   3028.37   0.00000199   0.01003761    -0.000293    -0.000002    -0.000345
   3129.64   0.00475702  24.04001600    -0.008901    -0.000021     0.019877
   3131.71   0.00466993  23.59992305    -0.019672     0.000487    -0.008839
   3132.75   0.00455187  23.00329691     0.000441     0.021288     0.000222

$polarizability_derivatives
15
   -4.5871332810E+00    4.6092229698E+00   -1.2007134093E-02   -4.6079728022E-06    3.2585611820E+00   -1.1292324153E-05
    1.4878279018E-04    1.1499381412E-04    2.4001308851E-05    4.6072324741E+00   -3.0783664958E-05    3.2688680757E+00
    3.2702080683E+00    3.2553708087E+00   -6.4600257823E+00    8.4782841338E-07   -8.3442279111E-03    2.9919268493E-07
    6.4460816166E-01   -6.4880056728E-01   -4.3139610456E-03    1.4785904411E-06    1.5280849154E+00   -4.8290374520E-09
   -1.1255847809E-04    5.2264060280E-05    6.7010113014E-07   -6.5049571525E-01    6.7823272623E-05    1.5242136263E+00
    5.3048512870E-01    5.3210294535E-01    9.0856758699E+00   -2.5196440848E-06    1.8409548404E-03   -2.0350559930E-06
    8.0422902781E+00    3.0065670358E-01    1.2952588006E+00    1.1640516492E-05   -2.0616492461E+00    1.5598593393E-05
    1.2664692317E-04   -1.5582144819E-04   -2.5459776509E-05    1.2460302876E+00   -2.9305996203E-05   -1.1125216561E+00
   -1.7002920149E+00   -7.3606986476E-01   -8.3042808572E-01   -6.3479491639E-06    2.2271986663E+00   -6.8566974795E-07
   -2.0249274588E+00   -2.1014595132E+00   -6.1165246375E-01   -2.2050934755E+00   -1.3616540142E+00   -4.0381718926E-01
   -1.3952351606E+00   -5.8128011945E+00   -1.1061888717E+00   -2.6009307893E+00   -4.0492199900E-01   -1.8413205596E+00
   -9.9940432404E-01   -1.4749893264E+00   -8.4958065031E-01   -4.0540824408E-01   -1.1103651034E+00   -1.9202662113E+00
   -2.0248375673E+00   -2.1015188160E+00   -6.1162994190E-01    2.2051193261E+00   -1.3617047094E+00    4.0379864121E-01
    1.3952195456E+00    5.8127872060E+00    1.1061646368E+00   -2.6009246278E+00    4.0492382018E-01   -1.8413441618E+00
   -9.9922243132E-01   -1.4744816658E+00   -8.4954196064E-01    4.0534109492E-01   -1.1103231247E+00    1.9202628465E+00

#
# The Raman spectrum
#  wavenumber Activity Depolarization
#
$raman_spectrum
15
      0.00       0.0000       0.0000
      0.00       0.0000       0.0000
      0.00       0.0000       0.0000
      0.00       0.0000       0.0000
      0.00       0.0000       0.0000
      0.00       0.0000       0.0000
   1338.72       0.3015       0.7500
   1340.25       0.3339       0.7426
   1340.62       0.3250       0.7326
   1554.67      17.3939       0.7500
   1555.06      17.3375       0.7500
   3028.37     160.1485       0.0000
   3129.64      57.6841       0.7498
   3131.71      57.8039       0.7495
   3132.75      57.9662       0.7500


$end

