
$orca_hessian_file

$act_atom
  0

$act_coord
  0

$act_energy
        0.000000

$multiplicity
  1

$hessian
9
                    0                  1                  2                  3                  4        
    0      6.0256953212E+01   1.1475599727E-07   3.1011059134E-08  -3.0127968635E+01   1.6701586722E-06
    1      1.1475599727E-07  -1.2677152832E+01  -1.7399744143E-08   1.3376912968E-06   6.3384105696E+00
    2      3.1011059134E-08  -1.7399744143E-08  -1.2677152816E+01  -7.1706639851E-08  -3.9674454949E-09
    3     -3.0127968635E+01   1.3376912968E-06  -7.1706639851E-08   3.0146708209E+01  -1.5400041672E-06
    4      1.6701586722E-06   6.3384105696E+00  -3.9674454949E-09  -1.5400041672E-06  -7.0617100171E+00
    5     -4.8839763426E-08  -3.7747102367E-09   6.3384105285E+00   7.2677666177E-08   8.5468990270E-09
    6     -3.0128984577E+01  -1.4466600020E-06   1.1054315011E-07  -1.8739574073E-02  -1.0853176841E-07
    7     -1.7907019616E-06   6.3387422628E+00   2.1363551561E-08   1.8069013370E-07   7.2329944752E-01
    8     -5.2018865104E-08   2.1178092457E-08   6.3387422877E+00   3.7906519895E-09  -4.5823540881E-09
                    5                  6                  7                  8        
     0     -4.8839763426E-08  -3.0128984577E+01  -1.7907019616E-06  -5.2018865104E-08
     1     -3.7747102367E-09  -1.4466600020E-06   6.3387422628E+00   2.1178092457E-08
     2      6.3384105285E+00   1.1054315011E-07   2.1363551561E-08   6.3387422877E+00
     3      7.2677666177E-08  -1.8739574073E-02   1.8069013370E-07   3.7906519895E-09
     4      8.5468990270E-09  -1.0853176841E-07   7.2329944752E-01  -4.5823540881E-09
     5     -7.0617099617E+00  -2.8599581067E-08  -4.7692882343E-09   7.2329943313E-01
     6     -2.8599581067E-08   3.0147724151E+01   1.5826017991E-06  -1.6857677967E-08
     7     -4.7692882343E-09   1.5826017991E-06  -7.0620417104E+00  -1.6595000848E-08
     8      7.2329943313E-01  -1.6857677967E-08  -1.6595000848E-08  -7.0620417208E+00

$vibrational_frequencies
9
    0        0.0000000000000000
    1        0.0000000000000000
    2        0.0000000000000000
    3        0.0000000000000000
    4        0.0000000000000000
    5    -6193.3695122061717484
    6    -6193.3695028277807069
    7     7058.4363787473594130
    8    13502.6718388225272065

$normal_modes
9 9
                    0                  1                  2                  3                  4        
    0      0.0000000000E+00   0.0000000000E+00   0.0000000000E+00   0.0000000000E+00   0.0000000000E+00
    1      0.0000000000E+00   0.0000000000E+00   0.0000000000E+00   0.0000000000E+00   0.0000000000E+00
    2      0.0000000000E+00   0.0000000000E+00   0.0000000000E+00   0.0000000000E+00   0.0000000000E+00
    3      0.0000000000E+00   0.0000000000E+00   0.0000000000E+00   0.0000000000E+00   0.0000000000E+00
    4      0.0000000000E+00   0.0000000000E+00   0.0000000000E+00   0.0000000000E+00   0.0000000000E+00
    5      0.0000000000E+00   0.0000000000E+00   0.0000000000E+00   0.0000000000E+00   0.0000000000E+00
    6      0.0000000000E+00   0.0000000000E+00   0.0000000000E+00   0.0000000000E+00   0.0000000000E+00
    7      0.0000000000E+00   0.0000000000E+00   0.0000000000E+00   0.0000000000E+00   0.0000000000E+00
    8      0.0000000000E+00   0.0000000000E+00   0.0000000000E+00   0.0000000000E+00   0.0000000000E+00
                    5                  6                  7                  8        
     0     -1.3735782714E-09  -4.2993596440E-10   1.1927509744E-05   8.8326227661E-01
     1      7.4488250805E-01   4.7466019274E-01  -4.9355721559E-08   1.3899116316E-09
     2      4.7466019274E-01  -7.4488250805E-01   2.9247043811E-09   3.7554231532E-10
     3     -2.5312870940E-08  -1.8533712986E-08  -7.0711125832E-01  -3.3154000504E-01
     4     -2.7960319818E-01  -1.7817106255E-01   1.7459307215E-08   1.5097691920E-08
     5     -1.7817106255E-01   2.7960319818E-01  -1.5472362282E-09   6.9756289307E-11
     6      2.6344063483E-08   1.8856480642E-08   7.0710230393E-01  -3.3155538869E-01
     7     -2.7960574015E-01  -1.7817268237E-01   1.9593731829E-08  -1.6141146423E-08
     8     -1.7817268237E-01   2.7960574015E-01  -6.4843996399E-10  -3.5168886560E-10

#
# The atoms: label  mass x y z (in bohrs)
#
$atoms
3
 C     12.01100     -0.000003930817     0.000000040738     0.000000000550
 O     15.99900      1.189338916774    -0.000000013497     0.000000000550
 O     15.99900     -1.189335965774    -0.000000017087    -0.000000000962

$actual_temperature
  0.000000

$frequency_scale_factor
  1.000000

$dipole_derivatives
9
    3.4739390541E+00    5.0055475410E-09   -5.2780847306E-09
   -2.7281779157E-09    1.1540042265E+00   -5.4567586230E-10
   -1.1039744872E-08   -5.5847664045E-10    1.1540042243E+00
   -1.7369548162E+00   -3.5594108918E-08    1.1702701540E-10
    6.6959924830E-08   -5.7678045470E-01    2.3089083880E-10
    1.0647790829E-08    2.6867875647E-10   -5.7678045420E-01
   -1.7369467475E+00    3.0575798076E-08    5.0682357543E-09
   -6.3893354701E-08   -5.7676986830E-01    2.8426773344E-10
    8.6624608183E-10    2.2564989677E-10   -5.7676986667E-01

#
# The IR spectrum
#  wavenumber eps Int TX TY TZ
#
$ir_spectrum
9
      0.00   0.00000000   0.00000000     0.000000     0.000000     0.000000
      0.00   0.00000000   0.00000000     0.000000     0.000000     0.000000
      0.00   0.00000000   0.00000000     0.000000     0.000000     0.000000
      0.00   0.00000000   0.00000000     0.000000     0.000000     0.000000
      0.00   0.00000000   0.00000000     0.000000     0.000000     0.000000
  -6193.37   0.00000000   0.00000000     0.000000     0.000000     0.000000
  -6193.37   0.00000000   0.00000000     0.000000     0.000000     0.000000
   7058.44   0.00000000   0.00000024     0.000001    -0.000000     0.000000
  13502.67   0.26658306 1347.20153375     0.078492     0.000000    -0.000000


$end

