*************************************************
******************* ORCA 6.0.1 ******************
*************************************************
$Calculation_Status
   &GeometryIndex 1
   &ListStatus       OUT
   &VERSION [&Type "String"] "6.0.1"
   &PROGNAME [&Type "String"] "LeanSCF"
   &STATUS [&Type "String"] "NORMAL TERMINATION"
$End
$Geometry
   &GeometryIndex 1
   &ListStatus       OUT
   &NATOMS [&Type "Integer"] 3
   &NCORELESSECP [&Type "Integer"] 0
   &NGHOSTATOMS [&Type "Integer"] 0
   &CartesianCoordinates [&Type "Coordinates", &Dim(3,4), &Units "Bohr"] 
              C     -0.000003730319    0.000000038172    0.000000001134
              O      1.189339117272   -0.000000016063    0.000000001134
              O     -1.189335765276   -0.000000019653   -0.000000000378
$End
$SCF_Energy
   &GeometryIndex 1
   &ListStatus       OUT
   &SCF_ENERGY [&Type "Double"]      -1.8327372012889165e+02
$End
$DFT_Energy
   &GeometryIndex 1
   &ListStatus       OUT
   &NALPHAEL [&Type "Integer"] 11
   &NBETAEL [&Type "Integer"] 11
   &NTOTALEL [&Type "Integer"] 22
   &EEXCHANGE [&Type "Double"]      -1.8780208131106715e+01
   &ECORR [&Type "Double"]      -9.9934821091256987e-01
   &ECNL [&Type "Double"]       0.0000000000000000e+00
   &EXC [&Type "Double"]      -1.9779556342019283e+01
   &EEMBED [&Type "Double"]       0.0000000000000000e+00
   &FINALEN [&Type "Double"]      -1.8327372012889165e+02  "No Van der Waals correction"
$End
$Mulliken_Population_Analysis
   &GeometryIndex 1
   &ListStatus       OUT
   &NATOMS [&Type "Integer"] 3
   &ATNO [&Type "ArrayOfIntegers", &Dim (3,1)] 
                                                         0

0                                                        6
1                                                        8
2                                                        8
   &ATOMICCHARGES [&Type "ArrayOfDoubles", &Dim (3,1)] 
                                                         0

0                                      1.3802572356914844e-01
1                                     -6.9026874034598507e-02
2                                     -6.8998849534564144e-02
$End
$Loewdin_Population_Analysis
   &GeometryIndex 1
   &ListStatus       OUT
   &NATOMS [&Type "Integer"] 3
   &ATNO [&Type "ArrayOfIntegers", &Dim (3,1)] 
                                                         0

0                                                        6
1                                                        8
2                                                        8
   &ATOMICCHARGES [&Type "ArrayOfDoubles", &Dim (3,1)] 
                                                         0

0                                     -8.0456714063923407e-01
1                                      4.0227898380680305e-01
2                                      4.0228815683241237e-01
$End
$Mayer_Population_Analysis
   &GeometryIndex 1
   &ListStatus       OUT
   &NATOMS [&Type "Integer"] 3 "Total number of atoms"
   &BONDTHRESH [&Type "Double"]       1.0000000000000001e-01  "The threshold for printing"
   &NBONDORDERSPRINT [&Type "Integer"] 3 "The number of bond orders larger than threshold"
   &BONDORDERS [&Type "ArrayOfDoubles", &Dim (3,1)] "The bond orders"
                                                         0

0                                      1.8993553074612715e+00
1                                      1.8993697730299250e+00
2                                      1.2556162631326901e+00
   &COMPONENTS [&Type "ArrayOfIntegers", &Dim (3,4)] "The indices and atomic numbers of the bonding atoms"
                                                         0                           1                           2                           3

0                                                        0                           6                           1                           8
1                                                        0                           6                           2                           8
2                                                        1                           8                           2                           8
   &ATNO [&Type "ArrayOfIntegers", &Dim (3,1)] "Atomic number of the elements"
                                                         0

0                                                        6
1                                                        8
2                                                        8
   &NA [&Type "ArrayOfDoubles", &Dim (3,1)] "Mulliken gross atomic population"
                                                         0

0                                      5.8619742764308569e+00
1                                      8.0690268740345967e+00
2                                      8.0689988495345730e+00
   &ZA [&Type "ArrayOfDoubles", &Dim (3,1)] "Total nuclear charge"
                                                         0

0                                      6.0000000000000000e+00
1                                      8.0000000000000000e+00
2                                      8.0000000000000000e+00
   &QA [&Type "ArrayOfDoubles", &Dim (3,1)] "Mulliken gross atomic charge"
                                                         0

0                                      1.3802572356914311e-01
1                                     -6.9026874034596730e-02
2                                     -6.8998849534573026e-02
   &VA [&Type "ArrayOfDoubles", &Dim (3,1)] "Mayer's total valence"
                                                         0

0                                      3.7987250804912094e+00
1                                      3.1549715705939425e+00
2                                      3.1549860361626210e+00
   &BVA [&Type "ArrayOfDoubles", &Dim (3,1)] "Mayer's bonded valence"
                                                         0

0                                      3.7987250804911965e+00
1                                      3.1549715705939616e+00
2                                      3.1549860361626152e+00
   &FA [&Type "ArrayOfDoubles", &Dim (3,1)] "Mayer's free valence"
                                                         0

0                                      0.0000000000000000e+00
1                                      0.0000000000000000e+00
2                                      0.0000000000000000e+00
$End
$SCF_Nuc_Gradient
   &GeometryIndex 1
   &ListStatus       OUT
   &NATOMS [&Type "Integer"] 3
   &ROOT [&Type "Integer"] 0
   &GRADNORM [&Type "Double"]       1.3094815734052993e+01
   &GRAD [&Type "ArrayOfDoubles", &Dim (9,1)] 
                                                         0

0                                     -3.2570874504331087e-04
1                                     -6.2449124651950619e-07
2                                      1.2742904659277685e-07
3                                     -9.2592701452679940e+00
4                                      2.8660522713317808e-07
5                                     -1.3325789592973307e-07
6                                      9.2595958540134919e+00
7                                      3.3788603185095933e-07
8                                      5.8288426825301125e-09
$End
$SCF_Dipole_Moment
   &GeometryIndex 1
   &ListStatus       OUT
   &METHOD [&Type "String"] "SCF"
   &LEVEL [&Type "String"] "Relaxed density"
   &MULT [&Type "Integer"] 1
   &STATE [&Type "Integer"] -1
   &IRREP [&Type "Integer"] 0
   &NATOMS [&Type "Integer"] 3
   &DODIPOLEATOM [&Type "Boolean"] false
   &DIPOLEELECCONTRIB [&Type "ArrayOfDoubles", &Dim (3,1)] "Electronic contribution"
                                                         0

0                                     -1.8797870194707175e-05
1                                      6.5258309532826522e-08
2                                      3.2513083433792566e-09
   &DIPOLENUCCONTRIB [&Type "ArrayOfDoubles", &Dim (3,1)] "Nuclear contribution"
                                                         0

0                                      2.3094978374160746e-08
1                                     -2.3934401763759186e-10
2                                     -3.1422893354887123e-12
   &DIPOLETOTAL [&Type "ArrayOfDoubles", &Dim (3,1)] "Total"
                                                         0

0                                     -1.8774775216333014e-05
1                                      6.5018965515188931e-08
2                                      3.2481660540437679e-09
   &DIPOLEMAGNITUDE [&Type "Double", &Units "a.u."]       1.8774888080632911e-05
$End
$SCF_Polarizability
   &GeometryIndex 1
   &ListStatus       OUT
   &METHOD [&Type "String"] "SCF"
   &LEVEL [&Type "String"] "Relaxed density"
   &MULT [&Type "Integer"] 1
   &STATE [&Type "Integer"] -1
   &IRREP [&Type "Integer"] 0
   &NATOMS [&Type "Integer"] 3
   &DODIPOLEATOM [&Type "Boolean"] false
   &RAWCARTESIAN [&Type "ArrayOfDoubles", &Units "a.u", &Dim (3,3)] 
                                                         0                           1                           2

0                                      8.4225421394500817e+00         2.1823201076633999e-09        -1.2642223909858799e-08
1                                      2.1823201076633999e-09         4.2150844850045965e+00        -1.0031580021545948e-09
2                                     -1.2642223909858799e-08        -1.0031580021545948e-09         4.2150844832032179e+00
   &DIAGONALIZEDTENSOR [&Type "ArrayOfDoubles", &Dim (3,1)] 
                                                         0

0                                      4.2150844827557350e+00
1                                      4.2150844854520768e+00
2                                      8.4225421394500817e+00
   &ORIENTATION [&Type "ArrayOfDoubles", &Dim (3,3)] 
                                                         0                           1                           2

0                                      2.5327838004689767e-09         1.6977526163402235e-09         1.0000000000000000e+00
1                                      4.0738100359324203e-01        -9.1325829747742382e-01         5.1867854455878160e-10
2                                      9.1325829747742371e-01         4.0738100359324214e-01        -3.0047180355699750e-09
   &ISOTROPICPOLAR [&Type "Double"]       5.6175703692192984e+00
$End
$THERMOCHEMISTRY_Energies
   &GeometryIndex 1
   &ListStatus       OUT
   &TEMPERATURE [&Type "Double"]       2.9814999999999998e+02
   &PRESSURE [&Type "Double"]       1.0000000000000000e+00
   &TOTALMASS [&Type "Double"]       4.4009000000000000e+01
   &SPINDEGENERACY [&Type "Integer"] 1
   &ELENERGY [&Type "Double"]      -1.8327372012889165e+02
   &TRANSENERGY [&Type "Double"]       1.4162714244859817e-03
   &ROTENERGY [&Type "Double"]       9.4418094965732118e-04
   &VIBENERGY [&Type "Double"]       5.1866786360546935e-17
   &NUMOFFREQS [&Type "Integer"] 9
   &FREQSCALINGFACTOR [&Type "Double"]       1.0000000000000000e+00
   &FREQ [&Type "ArrayOfDoubles", &Dim (9,1)] "In cm^-1"
                                                         0

0                                      0.0000000000000000e+00
1                                      0.0000000000000000e+00
2                                      0.0000000000000000e+00
3                                      0.0000000000000000e+00
4                                      0.0000000000000000e+00
5                                     -6.1933968889926819e+03
6                                     -6.1933968801243391e+03
7                                      7.0584251897128834e+03
8                                      1.3502642766049272e+04
   &ZPE [&Type "Double"]       4.6841559445537237e-02
   &INNERENERGYU [&Type "Double"]      -1.8322451811707197e+02
   &ENTHALPYH [&Type "Double"]      -1.8322357390802972e+02
   &QEL [&Type "Double"]       0.0000000000000000e+00
   &QROT [&Type "Double"]       5.7109805381217954e-03
   &QVIB [&Type "Double"]      -2.9199030245362258e-11
   &QTRANS [&Type "Double"]       1.7708800485862652e-02
   &ENTROPYS [&Type "Double"]       2.3419780994785418e-02
   &FREEENERGYG [&Type "Double"]      -1.8324699368902449e+02
   &ISLINEAR [&Type "Boolean"] true
$End
$Hessian
   &GeometryIndex 1
   &ListStatus       OUT
   &HESSIAN [&Type "ArrayOfDoubles", &Dim (9,9)] "The Hessian"
                                                         0                           1                           2                           3                           4                           5                           6                           7

0                                      6.0256693732617663e+01         1.1535418845287012e-07         3.3181205733935732e-08        -3.0127838849527315e+01         1.6687774311442923e-06        -5.0610063393719785e-08        -3.0128854883090348e+01        -1.7899509813380146e-06
1                                      1.1535418845287012e-07        -1.2677264907808041e+01        -1.6488274933768598e-08         1.3375874419630953e-06         6.3384666178908535e+00        -6.1858605160545683e-09        -1.4471222686751132e-06         6.3387982899171886e+00
2                                      3.3181205733935732e-08        -1.6488274933768598e-08        -1.2677264892622194e+01        -7.5079464591014244e-08        -3.5543843375087406e-09         6.3384665770978561e+00         1.1165935074009870e-07         2.0039018095473538e-08
3                                     -3.0127838849527315e+01         1.3375874419630953e-06        -7.5079464591014244e-08         3.0146595474494905e+01        -1.5390104845058840e-06         7.3740163838507355e-08        -1.8756624967591284e-02         1.7981647683417057e-07
4                                      1.6687774311442923e-06         6.3384666178908535e+00        -3.5543843375087406e-09        -1.5390104845058840e-06        -7.0617246875255075e+00         9.2704891152451786e-09        -1.0816038092978988e-07         7.2325806963465411e-01
5                                     -5.0610063393719785e-08        -6.1858605160545683e-09         6.3384665770978561e+00         7.3740163838507355e-08         9.2704891152451786e-09        -7.0617246321829237e+00        -2.7843507120562507e-08        -3.0814916076699714e-09
6                                     -3.0128854883090348e+01        -1.4471222686751132e-06         1.1165935074009870e-07        -1.8756624967591284e-02        -1.0816038092978988e-07        -2.7843507120562507e-08         3.0147611508057938e+01         1.5827085770543736e-06
7                                     -1.7899509813380146e-06         6.3387982899171886e+00         2.0039018095473538e-08         1.7981647683417057e-07         7.2325806963465411e-01        -3.0814916076699714e-09         1.5827085770543736e-06        -7.0620563595518426e+00
8                                     -5.2332234223236132e-08         2.2677776625626967e-08         6.3387983155243388e+00         6.0527074282818468e-09        -5.7192417692570781e-09         7.2325805508506746e-01        -1.8768158412290952e-08        -1.6958030672086728e-08
                                                         8

0                                     -5.2332234223236132e-08
1                                      2.2677776625626967e-08
2                                      6.3387983155243388e+00
3                                      6.0527074282818468e-09
4                                     -5.7192417692570781e-09
5                                      7.2325805508506746e-01
6                                     -1.8768158412290952e-08
7                                     -1.6958030672086728e-08
8                                     -7.0620563706094064e+00
   &MODES [&Type "ArrayOfDoubles", &Dim (9,9)] "The modes of vibrations"
                                                         0                           1                           2                           3                           4                           5                           6                           7

0                                      0.0000000000000000e+00         0.0000000000000000e+00         0.0000000000000000e+00         0.0000000000000000e+00         0.0000000000000000e+00         3.8799211865103877e-10         1.1555568887429248e-10         2.9822521808756148e-06
1                                      0.0000000000000000e+00         0.0000000000000000e+00         0.0000000000000000e+00         0.0000000000000000e+00         0.0000000000000000e+00        -2.0718924612196571e-01        -1.3269139300234589e-01        -1.2340871044772014e-08
2                                      0.0000000000000000e+00         0.0000000000000000e+00         0.0000000000000000e+00         0.0000000000000000e+00         0.0000000000000000e+00        -1.3269139300234611e-01         2.0718924612196590e-01         7.5098410981917194e-10
3                                      0.0000000000000000e+00         0.0000000000000000e+00         0.0000000000000000e+00         0.0000000000000000e+00         0.0000000000000000e+00         7.0304097098556045e-09         5.1931908922448511e-09        -1.7678333925402373e-01
4                                      0.0000000000000000e+00         0.0000000000000000e+00         0.0000000000000000e+00         0.0000000000000000e+00         0.0000000000000000e+00         7.7771695827283549e-02         4.9807771632134540e-02         4.3655469263248546e-09
5                                      0.0000000000000000e+00         0.0000000000000000e+00         0.0000000000000000e+00         0.0000000000000000e+00         0.0000000000000000e+00         4.9807771632134595e-02        -7.7771695827283591e-02        -3.9424782061768561e-10
6                                      0.0000000000000000e+00         0.0000000000000000e+00         0.0000000000000000e+00         0.0000000000000000e+00         0.0000000000000000e+00        -7.3216887590098632e-09        -5.2799425069474559e-09         1.7678110037465977e-01
7                                      0.0000000000000000e+00         0.0000000000000000e+00         0.0000000000000000e+00         0.0000000000000000e+00         0.0000000000000000e+00         7.7772402877068547e-02         4.9808224452069214e-02         4.8991697511999397e-09
8                                      0.0000000000000000e+00         0.0000000000000000e+00         0.0000000000000000e+00         0.0000000000000000e+00         0.0000000000000000e+00         4.9808224452069325e-02        -7.7772402877068686e-02        -1.6954179419300022e-10
                                                         8

0                                      2.4603737414656968e-01
1                                      3.8918598478889646e-10
2                                      1.1193024604184282e-10
3                                     -9.2352219998882754e-02
4                                      4.2047840868966850e-09
5                                      1.6682951755566335e-11
6                                     -9.2356505601120256e-02
7                                     -4.4969594015311394e-09
8                                     -1.0071284215782308e-10
$End
