
$orca_hessian_file

$act_atom
  0

$act_coord
  0

$act_energy
        0.000000

$multiplicity
  1

$hessian
9
                    0                  1                  2                  3                  4        
    0      6.0256683246E+01   1.1526084084E-07   3.4284506469E-08  -3.0127833603E+01   1.6686775141E-06
    1      1.1526084084E-07  -1.2677266450E+01  -1.6429906443E-08   1.3376381601E-06   6.3384673890E+00
    2      3.4284506469E-08  -1.6429906443E-08  -1.2677266435E+01  -7.6026286658E-08  -5.5023837759E-09
    3     -3.0127833603E+01   1.3376381601E-06  -7.6026286658E-08   3.0146591231E+01  -1.5389297874E-06
    4      1.6686775141E-06   6.3384673890E+00  -5.5023837759E-09  -1.5389297874E-06  -7.0617243408E+00
    5     -5.1254025702E-08  -4.4166353241E-09   6.3384673482E+00   7.4427369568E-08   9.3445676734E-09
    6     -3.0128849643E+01  -1.4470703651E-06   1.1148865966E-07  -1.8757628209E-02  -1.0814599853E-07
    7     -1.7897669907E-06   6.3387990613E+00   2.1928659631E-08   1.7968989917E-07   7.2325695184E-01
    8     -5.2777360238E-08   2.0850172356E-08   6.3387990870E+00   6.3042487065E-09  -3.8450781258E-09
                    5                  6                  7                  8        
     0     -5.1254025702E-08  -3.0128849643E+01  -1.7897669907E-06  -5.2777360238E-08
     1     -4.4166353241E-09  -1.4470703651E-06   6.3387990613E+00   2.0850172356E-08
     2      6.3384673482E+00   1.1148865966E-07   2.1928659631E-08   6.3387990870E+00
     3      7.4427369568E-08  -1.8757628209E-02   1.7968989917E-07   6.3042487065E-09
     4      9.3445676734E-09  -1.0814599853E-07   7.2325695184E-01  -3.8450781258E-09
     5     -7.0617242855E+00  -2.7878675483E-08  -4.9250381209E-09   7.2325693728E-01
     6     -2.7878675483E-08   3.0147607271E+01   1.5826467276E-06  -1.8568436323E-08
     7     -4.9250381209E-09   1.5826467276E-06  -7.0620560131E+00  -1.7004357870E-08
     8      7.2325693728E-01  -1.8568436323E-08  -1.7004357870E-08  -7.0620560242E+00

$vibrational_frequencies
9
    0        0.0000000000000000
    1        0.0000000000000000
    2        0.0000000000000000
    3        0.0000000000000000
    4        0.0000000000000000
    5    -6193.3972657550793883
    6    -6193.3972569283014309
    7     7058.4248110252274273
    8    13502.6415911010790296

$normal_modes
9 9
                    0                  1                  2                  3                  4        
    0      0.0000000000E+00   0.0000000000E+00   0.0000000000E+00   0.0000000000E+00   0.0000000000E+00
    1      0.0000000000E+00   0.0000000000E+00   0.0000000000E+00   0.0000000000E+00   0.0000000000E+00
    2      0.0000000000E+00   0.0000000000E+00   0.0000000000E+00   0.0000000000E+00   0.0000000000E+00
    3      0.0000000000E+00   0.0000000000E+00   0.0000000000E+00   0.0000000000E+00   0.0000000000E+00
    4      0.0000000000E+00   0.0000000000E+00   0.0000000000E+00   0.0000000000E+00   0.0000000000E+00
    5      0.0000000000E+00   0.0000000000E+00   0.0000000000E+00   0.0000000000E+00   0.0000000000E+00
    6      0.0000000000E+00   0.0000000000E+00   0.0000000000E+00   0.0000000000E+00   0.0000000000E+00
    7      0.0000000000E+00   0.0000000000E+00   0.0000000000E+00   0.0000000000E+00   0.0000000000E+00
    8      0.0000000000E+00   0.0000000000E+00   0.0000000000E+00   0.0000000000E+00   0.0000000000E+00
                    5                  6                  7                  8        
     0      1.3986207491E-09   4.0473209430E-10   1.1928713821E-05   8.8326227661E-01
     1     -7.4320137597E-01  -4.7728813533E-01  -4.9361919370E-08   1.3960288111E-09
     2     -4.7728813533E-01   7.4320137597E-01   3.0175257052E-09   4.1518573541E-10
     3      2.5208296711E-08   1.8686808907E-08  -7.0711125877E-01  -3.3154000427E-01
     4      2.7897215919E-01   1.7915750155E-01   1.7461633681E-08   1.5095395743E-08
     5      1.7915750155E-01  -2.7897215919E-01  -1.5820781778E-09   5.4875499201E-11
     6     -2.6258289465E-08  -1.8990655175E-08   7.0710230347E-01  -3.3155538947E-01
     7      2.7897469542E-01   1.7915913033E-01   1.9596058273E-08  -1.6143442623E-08
     8      1.7915913033E-01  -2.7897469542E-01  -6.8328222895E-10  -3.6656975693E-10

#
# The atoms: label  mass x y z (in bohrs)
#
$atoms
3
 C     12.01100     -0.000003930817     0.000000040738     0.000000000550
 O     15.99900      1.189338916774    -0.000000013497     0.000000000550
 O     15.99900     -1.189335965774    -0.000000017087    -0.000000000962

$actual_temperature
  0.000000

$frequency_scale_factor
  1.000000

$dipole_derivatives
9
    3.4739065372E+00    1.9006193348E-09   -2.3655175440E-09
   -2.0347313342E-11    1.1539956489E+00   -5.7217914299E-10
   -1.1710304670E-08   -5.8484484556E-10    1.1539956467E+00
   -1.7369386003E+00   -3.5169701001E-08   -6.8435393284E-10
    6.5179095093E-08   -5.7677616460E-01    5.7982528195E-10
    1.0736267213E-08   -2.2718016383E-10   -5.7677616420E-01
   -1.7369304495E+00    3.3276156141E-08    2.9571246219E-09
   -6.4949393725E-08   -5.7676560595E-01   -3.8085316434E-11
    1.7457260368E-09    7.4795431901E-10   -5.7676560421E-01

#
# The IR spectrum
#  wavenumber eps Int TX TY TZ
#
$ir_spectrum
9
      0.00   0.00000000   0.00000000     0.000000     0.000000     0.000000
      0.00   0.00000000   0.00000000     0.000000     0.000000     0.000000
      0.00   0.00000000   0.00000000     0.000000     0.000000     0.000000
      0.00   0.00000000   0.00000000     0.000000     0.000000     0.000000
      0.00   0.00000000   0.00000000     0.000000     0.000000     0.000000
  -6193.40   0.00000000   0.00000000     0.000000     0.000000     0.000000
  -6193.40   0.00000000   0.00000000     0.000000     0.000000     0.000000
   7058.42   0.00000000   0.00000024     0.000001    -0.000000     0.000000
  13502.64   0.26657807 1347.17631419     0.078492     0.000000    -0.000000


$end

