*************************************************
******************* ORCA 6.0.1 ******************
*************************************************
$Calculation_Status
   &GeometryIndex 1
   &ListStatus       OUT
   &VERSION [&Type "String"] "6.0.1"
   &PROGNAME [&Type "String"] "LeanSCF"
   &STATUS [&Type "String"] "NORMAL TERMINATION"
$End
$Geometry
   &GeometryIndex 1
   &ListStatus       OUT
   &NATOMS [&Type "Integer"] 3
   &NCORELESSECP [&Type "Integer"] 0
   &NGHOSTATOMS [&Type "Integer"] 0
   &CartesianCoordinates [&Type "Coordinates", &Dim(3,4), &Units "Bohr"] 
              C     -0.000003730319    0.000000038172    0.000000001134
              O      1.189339117272   -0.000000016063    0.000000001134
              O     -1.189335765276   -0.000000019653   -0.000000000378
$End
$SCF_Energy
   &GeometryIndex 1
   &ListStatus       OUT
   &SCF_ENERGY [&Type "Double"]      -1.8327372012888816e+02
$End
$DFT_Energy
   &GeometryIndex 1
   &ListStatus       OUT
   &NALPHAEL [&Type "Integer"] 11
   &NBETAEL [&Type "Integer"] 11
   &NTOTALEL [&Type "Integer"] 22
   &EEXCHANGE [&Type "Double"]      -1.8780207590282270e+01
   &ECORR [&Type "Double"]      -9.9934819370249939e-01
   &ECNL [&Type "Double"]       0.0000000000000000e+00
   &EXC [&Type "Double"]      -1.9779555783984769e+01
   &EEMBED [&Type "Double"]       0.0000000000000000e+00
   &FINALEN [&Type "Double"]      -1.8327372012888816e+02  "No Van der Waals correction"
$End
$Mulliken_Population_Analysis
   &GeometryIndex 1
   &ListStatus       OUT
   &NATOMS [&Type "Integer"] 3
   &ATNO [&Type "ArrayOfIntegers", &Dim (3,1)] 
                                                         0

0                                                        6
1                                                        8
2                                                        8
   &ATOMICCHARGES [&Type "ArrayOfDoubles", &Dim (3,1)] 
                                                         0

0                                      4.1132499393880184e-01
1                                      2.9430936757001319e-01
2                                      2.9436563849118519e-01
$End
$Loewdin_Population_Analysis
   &GeometryIndex 1
   &ListStatus       OUT
   &NATOMS [&Type "Integer"] 3
   &ATNO [&Type "ArrayOfIntegers", &Dim (3,1)] 
                                                         0

0                                                        6
1                                                        8
2                                                        8
   &ATOMICCHARGES [&Type "ArrayOfDoubles", &Dim (3,1)] 
                                                         0

0                                      4.2700638633586563e-01
1                                      2.8647346112809918e-01
2                                      2.8652015253610058e-01
$End
$Mayer_Population_Analysis
   &GeometryIndex 1
   &ListStatus       OUT
   &NATOMS [&Type "Integer"] 3 "Total number of atoms"
   &BONDTHRESH [&Type "Double"]       1.0000000000000001e-01  "The threshold for printing"
   &NBONDORDERSPRINT [&Type "Integer"] 3 "The number of bond orders larger than threshold"
   &BONDORDERS [&Type "ArrayOfDoubles", &Dim (3,1)] "The bond orders"
                                                         0

0                                      1.8993559071541826e+00
1                                      1.8993703737353773e+00
2                                      1.2556159974855130e+00
   &COMPONENTS [&Type "ArrayOfIntegers", &Dim (3,4)] "The indices and atomic numbers of the bonding atoms"
                                                         0                           1                           2                           3

0                                                        0                           6                           1                           8
1                                                        0                           6                           2                           8
2                                                        1                           8                           2                           8
   &ATNO [&Type "ArrayOfIntegers", &Dim (3,1)] "Atomic number of the elements"
                                                         0

0                                                        6
1                                                        8
2                                                        8
   &NA [&Type "ArrayOfDoubles", &Dim (3,1)] "Mulliken gross atomic population"
                                                         0

0                                      5.8619755727504907e+00
1                                      8.0690262262834409e+00
2                                      8.0689982009661225e+00
   &ZA [&Type "ArrayOfDoubles", &Dim (3,1)] "Total nuclear charge"
                                                         0

0                                      6.0000000000000000e+00
1                                      8.0000000000000000e+00
2                                      8.0000000000000000e+00
   &QA [&Type "ArrayOfDoubles", &Dim (3,1)] "Mulliken gross atomic charge"
                                                         0

0                                      1.3802442724950925e-01
1                                     -6.9026226283440906e-02
2                                     -6.8998200966122525e-02
   &VA [&Type "ArrayOfDoubles", &Dim (3,1)] "Mayer's total valence"
                                                         0

0                                      3.7987262808895452e+00
1                                      3.1549719046396647e+00
2                                      3.1549863712208754e+00
   &BVA [&Type "ArrayOfDoubles", &Dim (3,1)] "Mayer's bonded valence"
                                                         0

0                                      3.7987262808895599e+00
1                                      3.1549719046396953e+00
2                                      3.1549863712208905e+00
   &FA [&Type "ArrayOfDoubles", &Dim (3,1)] "Mayer's free valence"
                                                         0

0                                      0.0000000000000000e+00
1                                      0.0000000000000000e+00
2                                      0.0000000000000000e+00
$End
$Calculation_Info
   &GeometryIndex 1
   &ListStatus       OUT
   &MULT [&Type "Integer"] 1
   &CHARGE [&Type "Integer"] 0
   &NUMOFATOMS [&Type "Integer"] 3
   &NUMOFELECTRONS [&Type "Integer"] 22
   &NUMOFFCELECTRONS [&Type "Integer"] 1
   &NUMOFCORRELECTRONS [&Type "Integer"] 0
   &NUMOFBASISFUNCTS [&Type "Integer"] 42
   &NUMOFAUXCBASISFUNCTS [&Type "Integer"] 0
   &NUMOFAUXJBASISFUNCTS [&Type "Integer"] 147
   &NUMOFAUXJKBASISFUNCTS [&Type "Integer"] 0
   &NUMOFCABSBASISFUNCTS [&Type "Integer"] 0
   &TOTALENERGY [&Type "Double"]      -1.8327372012888816e+02  "Hartrees"
$End
$SCF_Dipole_Moment
   &GeometryIndex 1
   &ListStatus       OUT
   &METHOD [&Type "String"] "SCF"
   &LEVEL [&Type "String"] "Relaxed density"
   &MULT [&Type "Integer"] 1
   &STATE [&Type "Integer"] -1
   &IRREP [&Type "Integer"] 0
   &NATOMS [&Type "Integer"] 3
   &DODIPOLEATOM [&Type "Boolean"] false
   &DIPOLEELECCONTRIB [&Type "ArrayOfDoubles", &Dim (3,1)] "Electronic contribution"
                                                         0

0                                     -1.8798348598391898e-05
1                                      6.5326206631624771e-08
2                                      3.0464594585706368e-09
   &DIPOLENUCCONTRIB [&Type "ArrayOfDoubles", &Dim (3,1)] "Nuclear contribution"
                                                         0

0                                      2.3094978374160746e-08
1                                     -2.3934401763759186e-10
2                                     -3.1422893354887123e-12
   &DIPOLETOTAL [&Type "ArrayOfDoubles", &Dim (3,1)] "Total"
                                                         0

0                                     -1.8775253620017737e-05
1                                      6.5086862613987179e-08
2                                      3.0433171692351481e-09
   &DIPOLEMAGNITUDE [&Type "Double", &Units "a.u."]       1.8775366682370108e-05
$End
$SCF_Polarizability
   &GeometryIndex 1
   &ListStatus       OUT
   &METHOD [&Type "String"] "SCF"
   &LEVEL [&Type "String"] "Relaxed density"
   &MULT [&Type "Integer"] 1
   &STATE [&Type "Integer"] -1
   &IRREP [&Type "Integer"] 0
   &NATOMS [&Type "Integer"] 3
   &DODIPOLEATOM [&Type "Boolean"] false
   &RAWCARTESIAN [&Type "ArrayOfDoubles", &Units "a.u", &Dim (3,3)] 
                                                         0                           1                           2

0                                      8.4225411830361665e+00         1.4975132572003997e-09        -1.2336682978382447e-08
1                                      1.4975132572003997e-09         4.2150841757398698e+00        -1.0125589339092854e-09
2                                     -1.2336682978382447e-08        -1.0125589339092854e-09         4.2150841739258809e+00
   &DIAGONALIZEDTENSOR [&Type "ArrayOfDoubles", &Dim (3,1)] 
                                                         0

0                                      4.2150841734734961e+00
1                                      4.2150841761922564e+00
2                                      8.4225411830361647e+00
   &ORIENTATION [&Type "ArrayOfDoubles", &Dim (3,3)] 
                                                         0                           1                           2

0                                      2.5318821281203494e-09         1.5210059372529218e-09         1.0000000000000000e+00
1                                      4.0791410295210823e-01        -9.1302030898155651e-01         3.5591862790340656e-10
2                                      9.1302030898155662e-01         4.0791410295210828e-01        -2.9320995901765219e-09
   &ISOTROPICPOLAR [&Type "Double"]       5.6175698442339712e+00
$End
$THERMOCHEMISTRY_Energies
   &GeometryIndex 1
   &ListStatus       OUT
   &TEMPERATURE [&Type "Double"]       2.9814999999999998e+02
   &PRESSURE [&Type "Double"]       1.0000000000000000e+00
   &TOTALMASS [&Type "Double"]       4.4009000000000000e+01
   &SPINDEGENERACY [&Type "Integer"] 1
   &ELENERGY [&Type "Double"]      -1.8327372012888816e+02
   &TRANSENERGY [&Type "Double"]       1.4162714244859817e-03
   &ROTENERGY [&Type "Double"]       9.4418094965732118e-04
   &VIBENERGY [&Type "Double"]       5.1866878358236279e-17
   &NUMOFFREQS [&Type "Integer"] 9
   &FREQSCALINGFACTOR [&Type "Double"]       1.0000000000000000e+00
   &FREQ [&Type "ArrayOfDoubles", &Dim (9,1)] "In cm^-1"
                                                         0

0                                      0.0000000000000000e+00
1                                      0.0000000000000000e+00
2                                      0.0000000000000000e+00
3                                      0.0000000000000000e+00
4                                      0.0000000000000000e+00
5                                     -6.1933972657550794e+03
6                                     -6.1933972569283014e+03
7                                      7.0584248110252274e+03
8                                      1.3502641591101079e+04
   &ZPE [&Type "Double"]       4.6841555906094338e-02
   &INNERENERGYU [&Type "Double"]      -1.8322451812060791e+02
   &ENTHALPYH [&Type "Double"]      -1.8322357391156567e+02
   &QEL [&Type "Double"]       0.0000000000000000e+00
   &QROT [&Type "Double"]       5.7109805381217954e-03
   &QVIB [&Type "Double"]      -2.9199035641595687e-11
   &QTRANS [&Type "Double"]       1.7708800485862652e-02
   &ENTROPYS [&Type "Double"]       2.3419780994785411e-02
   &FREEENERGYG [&Type "Double"]      -1.8324699369256044e+02
   &ISLINEAR [&Type "Boolean"] true
$End
$Hessian
   &GeometryIndex 1
   &ListStatus       OUT
   &HESSIAN [&Type "ArrayOfDoubles", &Dim (9,9)] "The Hessian"
                                                         0                           1                           2                           3                           4                           5                           6                           7

0                                      6.0256683246005210e+01         1.1526084084124741e-07         3.4284506468644881e-08        -3.0127833603005278e+01         1.6686775140809657e-06        -5.1254025701701815e-08        -3.0128849642999928e+01        -1.7897669907220673e-06
1                                      1.1526084084124741e-07        -1.2677266450206400e+01        -1.6429906443315394e-08         1.3376381600850633e-06         6.3384673889507486e+00        -4.4166353241437911e-09        -1.4470703651264566e-06         6.3387990612556511e+00
2                                      3.4284506468644881e-08        -1.6429906443315394e-08        -1.2677266435174081e+01        -7.6026286658471132e-08        -5.5023837759279194e-09         6.3384673482153957e+00         1.1148865966112653e-07         2.1928659630911972e-08
3                                     -3.0127833603005278e+01         1.3376381600850633e-06        -7.6026286658471132e-08         3.0146591231214256e+01        -1.5389297874002916e-06         7.4427369568459055e-08        -1.8757628208977112e-02         1.7968989916522896e-07
4                                      1.6686775140809657e-06         6.3384673889507486e+00        -5.5023837759279194e-09        -1.5389297874002916e-06        -7.0617243407919013e+00         9.3445676733992974e-09        -1.0814599853067505e-07         7.2325695184115313e-01
5                                     -5.1254025701701815e-08        -4.4166353241437911e-09         6.3384673482153957e+00         7.4427369568459055e-08         9.3445676733992974e-09        -7.0617242854980331e+00        -2.7878675483243440e-08        -4.9250381209199006e-09
6                                     -3.0128849642999928e+01        -1.4470703651264566e-06         1.1148865966112653e-07        -1.8757628208977112e-02        -1.0814599853067505e-07        -2.7878675483243440e-08         3.0147607271208905e+01         1.5826467276069850e-06
7                                     -1.7897669907220673e-06         6.3387990612556511e+00         2.1928659630911972e-08         1.7968989916522896e-07         7.2325695184115313e-01        -4.9250381209199006e-09         1.5826467276069850e-06        -7.0620560130968038e+00
8                                     -5.2777360238243348e-08         2.0850172355790525e-08         6.3387990869586854e+00         6.3042487064982792e-09        -3.8450781258069845e-09         7.2325693728263718e-01        -1.8568436323069015e-08        -1.7004357869987807e-08
                                                         8

0                                     -5.2777360238243348e-08
1                                      2.0850172355790525e-08
2                                      6.3387990869586854e+00
3                                      6.3042487064982792e-09
4                                     -3.8450781258069845e-09
5                                      7.2325693728263718e-01
6                                     -1.8568436323069015e-08
7                                     -1.7004357869987807e-08
8                                     -7.0620560242413228e+00
   &MODES [&Type "ArrayOfDoubles", &Dim (9,9)] "The modes of vibrations"
                                                         0                           1                           2                           3                           4                           5                           6                           7

0                                      0.0000000000000000e+00         0.0000000000000000e+00         0.0000000000000000e+00         0.0000000000000000e+00         0.0000000000000000e+00         3.8959319972206973e-10         1.1274026340036227e-10         2.9822716527303824e-06
1                                      0.0000000000000000e+00         0.0000000000000000e+00         0.0000000000000000e+00         0.0000000000000000e+00         0.0000000000000000e+00        -2.0702267022056609e-01        -1.3295113200058975e-01        -1.2340865500773215e-08
2                                      0.0000000000000000e+00         0.0000000000000000e+00         0.0000000000000000e+00         0.0000000000000000e+00         0.0000000000000000e+00        -1.3295113200058997e-01         2.0702267022056628e-01         7.5440500184383433e-10
3                                      0.0000000000000000e+00         0.0000000000000000e+00         0.0000000000000000e+00         0.0000000000000000e+00         0.0000000000000000e+00         7.0219042450632075e-09         5.2053093587206859e-09        -1.7678333926133269e-01
4                                      0.0000000000000000e+00         0.0000000000000000e+00         0.0000000000000000e+00         0.0000000000000000e+00         0.0000000000000000e+00         7.7709168980073628e-02         4.9905268692160588e-02         4.3655448456326565e-09
5                                      0.0000000000000000e+00         0.0000000000000000e+00         0.0000000000000000e+00         0.0000000000000000e+00         0.0000000000000000e+00         4.9905268692160658e-02        -7.7709168980073656e-02        -3.9553190501717189e-10
6                                      0.0000000000000000e+00         0.0000000000000000e+00         0.0000000000000000e+00         0.0000000000000000e+00         0.0000000000000000e+00        -7.3143852746156077e-09        -5.2899473423466019e-09         1.7678110036735051e-01
7                                      0.0000000000000000e+00         0.0000000000000000e+00         0.0000000000000000e+00         0.0000000000000000e+00         0.0000000000000000e+00         7.7709875461405120e-02         4.9905722398475259e-02         4.8991676697683463e-09
8                                      0.0000000000000000e+00         0.0000000000000000e+00         0.0000000000000000e+00         0.0000000000000000e+00         0.0000000000000000e+00         4.9905722398475377e-02        -7.7709875461405231e-02        -1.7082589563193883e-10
                                                         8

0                                      2.4603737414656948e-01
1                                      3.8887120168181059e-10
2                                      1.1565218036451765e-10
3                                     -9.2352219984891820e-02
4                                      4.2049022456631381e-09
5                                      1.5285860254494275e-11
6                                     -9.2356505615111051e-02
7                                     -4.4968412417509318e-09
8                                     -1.0210994268122462e-10
$End
