
$orca_hessian_file

$act_atom
  0

$act_coord
  0

$act_energy
        0.000000

$multiplicity
  1

$hessian
9
                    0                  1                  2                  3                  4        
    0      6.5344466557E+01  -1.2242133463E-07   3.4239318845E-10  -3.2671829903E+01   1.8742752214E-06
    1     -1.2242133463E-07  -1.4091115247E+01   7.4613393417E-09   1.6715987522E-06   7.0454219616E+00
    2      3.4239318845E-10   7.4613393417E-09  -1.4091115218E+01   1.2881748179E-07  -3.7604525837E-09
    3     -3.2671829903E+01   1.6715987522E-06   1.2881748179E-07   3.2795159960E+01  -1.7076636332E-06
    4      1.8742752214E-06   7.0454219616E+00  -3.7604525837E-09  -1.7076636332E-06  -7.8551460488E+00
    5      1.6026744547E-07  -5.3169207977E-09   7.0454219394E+00  -1.6834185694E-07   2.9567762844E-08
    6     -3.2672636654E+01  -1.4696420497E-06  -1.0193377736E-07  -1.2333005746E-01  -2.4934080271E-07
    7     -1.8313892546E-06   7.0456932856E+00  -3.6903881182E-09   1.1879409550E-07   8.0972408723E-01
    8     -1.8783593627E-07  -2.1549171838E-09   7.0456932791E+00   1.1314423768E-08  -2.5797785973E-08
                    5                  6                  7                  8        
     0      1.6026744547E-07  -3.2672636654E+01  -1.8313892546E-06  -1.8783593627E-07
     1     -5.3169207977E-09  -1.4696420497E-06   7.0456932856E+00  -2.1549171838E-09
     2      7.0454219394E+00  -1.0193377736E-07  -3.6903881182E-09   7.0456932791E+00
     3     -1.6834185694E-07  -1.2333005746E-01   1.1879409550E-07   1.1314423768E-08
     4      2.9567762844E-08  -2.4934080271E-07   8.0972408723E-01  -2.5797785973E-08
     5     -7.8551460392E+00   3.6284362861E-08  -2.4260366334E-08   8.0972409985E-01
     6      3.6284362861E-08   3.2795966712E+01   1.7157890058E-06   1.2108546350E-07
     7     -2.4260366334E-08   1.7157890058E-06  -7.8554173728E+00   2.7951728804E-08
     8      8.0972409985E-01   1.2108546350E-07   2.7951728804E-08  -7.8554173789E+00

$vibrational_frequencies
9
    0        0.0000000000000000
    1        0.0000000000000000
    2        0.0000000000000000
    3        0.0000000000000000
    4        0.0000000000000000
    5    -6529.6335986196527301
    6    -6529.6335911270289216
    7     7373.4811354231469522
    8    14061.1401553687373962

$normal_modes
9 9
                    0                  1                  2                  3                  4        
    0      0.0000000000E+00   0.0000000000E+00   0.0000000000E+00   0.0000000000E+00   0.0000000000E+00
    1      0.0000000000E+00   0.0000000000E+00   0.0000000000E+00   0.0000000000E+00   0.0000000000E+00
    2      0.0000000000E+00   0.0000000000E+00   0.0000000000E+00   0.0000000000E+00   0.0000000000E+00
    3      0.0000000000E+00   0.0000000000E+00   0.0000000000E+00   0.0000000000E+00   0.0000000000E+00
    4      0.0000000000E+00   0.0000000000E+00   0.0000000000E+00   0.0000000000E+00   0.0000000000E+00
    5      0.0000000000E+00   0.0000000000E+00   0.0000000000E+00   0.0000000000E+00   0.0000000000E+00
    6      0.0000000000E+00   0.0000000000E+00   0.0000000000E+00   0.0000000000E+00   0.0000000000E+00
    7      0.0000000000E+00   0.0000000000E+00   0.0000000000E+00   0.0000000000E+00   0.0000000000E+00
    8      0.0000000000E+00   0.0000000000E+00   0.0000000000E+00   0.0000000000E+00   0.0000000000E+00
                    5                  6                  7                  8        
     0      1.3234012766E-09  -3.1969874061E-10  -8.7548441923E-06  -8.8326227664E-01
     1      8.5798505510E-01  -2.0979488697E-01   4.9998235354E-08   1.3611035083E-09
     2     -2.0979488697E-01  -8.5798505510E-01   4.0665148591E-09  -3.8175998339E-12
     3     -3.1194059560E-08   1.0325799699E-08   7.0711006743E-01   3.3154205104E-01
     4     -3.2205835699E-01   7.8749852576E-02  -1.8767787788E-08  -1.6022091317E-08
     5      7.8749852576E-02   3.2205835699E-01  -1.5264433358E-09  -1.2373069573E-09
     6      3.0200536659E-08  -1.0085790848E-08  -7.0710349487E-01   3.3155334271E-01
     7     -3.2206055650E-01   7.8750390401E-02  -1.8767608464E-08   1.5000264072E-08
     8      7.8750390401E-02   3.2206055650E-01  -1.5264293387E-09   1.2401729903E-09

#
# The atoms: label  mass x y z (in bohrs)
#
$atoms
3
 C     12.01100     -0.000002888242     0.000000039571     0.000000003160
 O     15.99900      1.163303286976    -0.000000014854    -0.000000001186
 O     15.99900     -1.163301118673    -0.000000014854    -0.000000001186

$actual_temperature
  0.000000

$frequency_scale_factor
  1.000000

$dipole_derivatives
9
    3.4278289839E+00    1.6841487051E-08    3.9493739047E-09
    1.7510849678E-08    1.1878765445E+00    7.6690840176E-10
    1.8718927899E-08    7.7294885496E-10    1.1878765443E+00
   -1.7139141564E+00   -4.1496136349E-08   -1.1217525853E-08
    3.2356987493E-08   -5.9396112968E-01   -9.0437986946E-10
   -4.6028586026E-09   -4.6879462957E-10   -5.9396112956E-01
   -1.7139060891E+00    2.4721955779E-08    7.1501859650E-09
   -5.1684149099E-08   -5.9395346913E-01    1.2750540126E-10
   -1.8688489252E-08   -3.5126510037E-10   -5.9395346911E-01

#
# The IR spectrum
#  wavenumber eps Int TX TY TZ
#
$ir_spectrum
9
      0.00   0.00000000   0.00000000     0.000000     0.000000     0.000000
      0.00   0.00000000   0.00000000     0.000000     0.000000     0.000000
      0.00   0.00000000   0.00000000     0.000000     0.000000     0.000000
      0.00   0.00000000   0.00000000     0.000000     0.000000     0.000000
      0.00   0.00000000   0.00000000     0.000000     0.000000     0.000000
  -6529.63   0.00000000   0.00000000     0.000000     0.000000     0.000000
  -6529.63   0.00000000   0.00000000     0.000000     0.000000     0.000000
   7373.48   0.00000000   0.00000013    -0.000001     0.000000    -0.000000
  14061.14   0.25955441 1311.68159816    -0.075897    -0.000000    -0.000000


$end

