
$orca_hessian_file

$act_atom
  0

$act_coord
  0

$act_energy
        0.000000

$multiplicity
  1

$hessian
9
                    0                  1                  2                  3                  4        
    0      6.5344126003E+01  -1.2259439760E-07  -2.2335791236E-09  -3.2671659598E+01   1.8735409285E-06
    1     -1.2259439760E-07  -1.4091325024E+01   6.6148892908E-09   1.6692537753E-06   7.0455268584E+00
    2     -2.2335791236E-09   6.6148892908E-09  -1.4091324994E+01   1.2845700591E-07  -4.6708205300E-09
    3     -3.2671659598E+01   1.6692537753E-06   1.2845700591E-07   3.2795008444E+01  -1.7064586767E-06
    4      1.8735409285E-06   7.0455268584E+00  -4.6708205300E-09  -1.7064586767E-06  -7.8551816994E+00
    5      1.6022995408E-07  -4.1582454232E-09   7.0455268364E+00  -1.6831656747E-07   2.9695756636E-08
    6     -3.2672466405E+01  -1.4672569456E-06  -9.8730780555E-08  -1.2334884583E-01  -2.4970915260E-07
    7     -1.8303489630E-06   7.0457981660E+00  -1.9335499185E-09   1.1983180203E-07   8.0965484099E-01
    8     -1.8548902119E-07  -2.4671627100E-09   7.0457981578E+00   1.1768295102E-08  -2.5015273008E-08
                    5                  6                  7                  8        
     0      1.6022995408E-07  -3.2672466405E+01  -1.8303489630E-06  -1.8548902119E-07
     1     -4.1582454232E-09  -1.4672569456E-06   7.0457981660E+00  -2.4671627100E-09
     2      7.0455268364E+00  -9.8730780555E-08  -1.9335499185E-09   7.0457981578E+00
     3     -1.6831656747E-07  -1.2334884583E-01   1.1983180203E-07   1.1768295102E-08
     4      2.9695756636E-08  -2.4970915260E-07   8.0965484099E-01  -2.5015273008E-08
     5     -7.8551816900E+00   3.6177879837E-08  -2.5547174310E-08   8.0965485369E-01
     6      3.6177879837E-08   3.2795815251E+01   1.7137416296E-06   1.1813681340E-07
     7     -2.5547174310E-08   1.7137416296E-06  -7.8554530070E+00   2.7481579974E-08
     8      8.0965485369E-01   1.1813681340E-07   2.7481579974E-08  -7.8554530114E+00

$vibrational_frequencies
9
    0        0.0000000000000000
    1        0.0000000000000000
    2        0.0000000000000000
    3        0.0000000000000000
    4        0.0000000000000000
    5    -6529.6822023202412311
    6    -6529.6821946576619666
    7     7373.4662736788832262
    8    14061.1035142723958415

$normal_modes
9 9
                    0                  1                  2                  3                  4        
    0      0.0000000000E+00   0.0000000000E+00   0.0000000000E+00   0.0000000000E+00   0.0000000000E+00
    1      0.0000000000E+00   0.0000000000E+00   0.0000000000E+00   0.0000000000E+00   0.0000000000E+00
    2      0.0000000000E+00   0.0000000000E+00   0.0000000000E+00   0.0000000000E+00   0.0000000000E+00
    3      0.0000000000E+00   0.0000000000E+00   0.0000000000E+00   0.0000000000E+00   0.0000000000E+00
    4      0.0000000000E+00   0.0000000000E+00   0.0000000000E+00   0.0000000000E+00   0.0000000000E+00
    5      0.0000000000E+00   0.0000000000E+00   0.0000000000E+00   0.0000000000E+00   0.0000000000E+00
    6      0.0000000000E+00   0.0000000000E+00   0.0000000000E+00   0.0000000000E+00   0.0000000000E+00
    7      0.0000000000E+00   0.0000000000E+00   0.0000000000E+00   0.0000000000E+00   0.0000000000E+00
    8      0.0000000000E+00   0.0000000000E+00   0.0000000000E+00   0.0000000000E+00   0.0000000000E+00
                    5                  6                  7                  8        
     0      1.3295491601E-09  -3.0290174760E-10  -8.7554923972E-06  -8.8326227664E-01
     1      8.6462856617E-01  -1.8047075091E-01   4.9922481635E-08   1.3630303610E-09
     2     -1.8047075091E-01  -8.6462856617E-01   4.0094806726E-09   2.4825597113E-11
     3     -3.1485641536E-08   9.2227746703E-09   7.0711006768E-01   3.3154205063E-01
     4     -3.2455210469E-01   6.7742571010E-02  -1.8739352436E-08  -1.6022814590E-08
     5      6.7742571010E-02   3.2455210469E-01  -1.5050346602E-09  -1.2480586518E-09
     6      3.0487503224E-08  -8.9953758793E-09  -7.0710349463E-01   3.3155334313E-01
     7     -3.2455432123E-01   6.7743033661E-02  -1.8739172893E-08   1.4999540793E-08
     8      6.7743033661E-02   3.2455432123E-01  -1.5050205068E-09   1.2294212376E-09

#
# The atoms: label  mass x y z (in bohrs)
#
$atoms
3
 C     12.01100     -0.000002888242     0.000000039571     0.000000003160
 O     15.99900      1.163303286976    -0.000000014854    -0.000000001186
 O     15.99900     -1.163301118673    -0.000000014854    -0.000000001186

$actual_temperature
  0.000000

$frequency_scale_factor
  1.000000

$dipole_derivatives
9
    3.4277933643E+00    1.9277357624E-08    1.6110057857E-09
    1.2499892103E-08    1.1878657146E+00    8.1786175538E-10
    1.5656778644E-08    8.2437180218E-10    1.1878657138E+00
   -1.7138963733E+00   -4.2518204232E-08   -9.2031750692E-09
    3.3779866609E-08   -5.9395570251E-01   -2.8828434713E-10
   -4.5527929228E-09   -9.1889407623E-10   -5.9395570178E-01
   -1.7138882542E+00    2.3304668463E-08    7.4755363726E-09
   -4.7733553514E-08   -5.9394805998E-01   -5.3909713242E-10
   -1.6414805492E-08    4.7860509654E-11   -5.9394805992E-01

#
# The IR spectrum
#  wavenumber eps Int TX TY TZ
#
$ir_spectrum
9
      0.00   0.00000000   0.00000000     0.000000     0.000000     0.000000
      0.00   0.00000000   0.00000000     0.000000     0.000000     0.000000
      0.00   0.00000000   0.00000000     0.000000     0.000000     0.000000
      0.00   0.00000000   0.00000000     0.000000     0.000000     0.000000
      0.00   0.00000000   0.00000000     0.000000     0.000000     0.000000
  -6529.68   0.00000000   0.00000000     0.000000     0.000000     0.000000
  -6529.68   0.00000000   0.00000000     0.000000     0.000000     0.000000
   7373.47   0.00000000   0.00000013    -0.000001     0.000000    -0.000000
  14061.10   0.25954901 1311.65433847    -0.075896    -0.000000    -0.000000


$end

