
$orca_hessian_file

$act_atom
  0

$act_coord
  0

$act_energy
        0.000000

$multiplicity
  1

$hessian
9
                    0                  1                  2                  3                  4        
    0      6.5344110584E+01  -1.2217102709E-07  -2.5148333601E-09  -3.2671651877E+01   1.8730353255E-06
    1     -1.2217102709E-07  -1.4091330224E+01   6.5487407874E-09   1.6683093216E-06   7.0455294620E+00
    2     -2.5148333601E-09   6.5487407874E-09  -1.4091330194E+01   1.2831769322E-07  -4.4971563459E-09
    3     -3.2671651877E+01   1.6683093216E-06   1.2831769322E-07   3.2795001796E+01  -1.7058709545E-06
    4      1.8730353255E-06   7.0455294620E+00  -4.4971563459E-09  -1.7058709545E-06  -7.8551818782E+00
    5      1.6010522827E-07  -4.3652227252E-09   7.0455294400E+00  -1.6818198271E-07   2.9731255288E-08
    6     -3.2672458707E+01  -1.4668243746E-06  -9.8230668567E-08  -1.2334991962E-01  -2.4973406485E-07
    7     -1.8301782184E-06   7.0458007621E+00  -2.0410691753E-09   1.2013132665E-07   8.0965241618E-01
    8     -1.8516258621E-07  -2.1940333284E-09   7.0458007537E+00   1.1809634079E-08  -2.5224482380E-08
                    5                  6                  7                  8        
     0      1.6010522827E-07  -3.2672458707E+01  -1.8301782184E-06  -1.8516258621E-07
     1     -4.3652227252E-09  -1.4668243746E-06   7.0458007621E+00  -2.1940333284E-09
     2      7.0455294400E+00  -9.8230668567E-08  -2.0410691753E-09   7.0458007537E+00
     3     -1.6818198271E-07  -1.2334991962E-01   1.2013132665E-07   1.1809634079E-08
     4      2.9731255288E-08  -2.4973406485E-07   8.0965241618E-01  -2.5224482380E-08
     5     -7.8551818689E+00   3.6131409844E-08  -2.5375649126E-08   8.0965242885E-01
     6      3.6131409844E-08   3.2795808627E+01   1.7133026656E-06   1.1772610542E-07
     7     -2.5375649126E-08   1.7133026656E-06  -7.8554531783E+00   2.7417617005E-08
     8      8.0965242885E-01   1.1772610542E-07   2.7417617005E-08  -7.8554531825E+00

$vibrational_frequencies
9
    0        0.0000000000000000
    1        0.0000000000000000
    2        0.0000000000000000
    3        0.0000000000000000
    4        0.0000000000000000
    5    -6529.6834070362283455
    6    -6529.6833993630425539
    7     7373.4656507529052760
    8    14061.1018552646091848

$normal_modes
9 9
                    0                  1                  2                  3                  4        
    0      0.0000000000E+00   0.0000000000E+00   0.0000000000E+00   0.0000000000E+00   0.0000000000E+00
    1      0.0000000000E+00   0.0000000000E+00   0.0000000000E+00   0.0000000000E+00   0.0000000000E+00
    2      0.0000000000E+00   0.0000000000E+00   0.0000000000E+00   0.0000000000E+00   0.0000000000E+00
    3      0.0000000000E+00   0.0000000000E+00   0.0000000000E+00   0.0000000000E+00   0.0000000000E+00
    4      0.0000000000E+00   0.0000000000E+00   0.0000000000E+00   0.0000000000E+00   0.0000000000E+00
    5      0.0000000000E+00   0.0000000000E+00   0.0000000000E+00   0.0000000000E+00   0.0000000000E+00
    6      0.0000000000E+00   0.0000000000E+00   0.0000000000E+00   0.0000000000E+00   0.0000000000E+00
    7      0.0000000000E+00   0.0000000000E+00   0.0000000000E+00   0.0000000000E+00   0.0000000000E+00
    8      0.0000000000E+00   0.0000000000E+00   0.0000000000E+00   0.0000000000E+00   0.0000000000E+00
                    5                  6                  7                  8        
     0      1.3250538325E-09  -3.0171807236E-10  -8.7557511735E-06  -8.8326227664E-01
     1      8.6507319131E-01  -1.7832729196E-01   4.9900509500E-08   1.3583228817E-09
     2     -1.7832729196E-01  -8.6507319131E-01   3.9992539804E-09   2.7952625557E-11
     3     -3.1493888872E-08   9.1361850606E-09   7.0711006777E-01   3.3154205046E-01
     4     -3.2471900182E-01   6.6937989553E-02  -1.8731104848E-08  -1.6021047564E-08
     5      6.6937989553E-02   3.2471900182E-01  -1.5011958746E-09  -1.2492324130E-09
     6      3.0499125368E-08  -8.9096749192E-09  -7.0710349453E-01   3.3155334330E-01
     7     -3.2472121950E-01   6.6938446709E-02  -1.8730925241E-08   1.5001307831E-08
     8      6.6938446709E-02   3.2472121950E-01  -1.5011817193E-09   1.2282474585E-09

#
# The atoms: label  mass x y z (in bohrs)
#
$atoms
3
 C     12.01100     -0.000002888242     0.000000039571     0.000000003160
 O     15.99900      1.163303286976    -0.000000014854    -0.000000001186
 O     15.99900     -1.163301118673    -0.000000014854    -0.000000001186

$actual_temperature
  0.000000

$frequency_scale_factor
  1.000000

$dipole_derivatives
9
    3.4277900588E+00    2.0324939684E-08    9.4800106011E-10
    1.1594396554E-08    1.1878643619E+00    8.2256907393E-10
    1.5210493954E-08    8.2877869550E-10    1.1878643611E+00
   -1.7138947265E+00   -4.2967812975E-08   -8.6521686713E-09
    3.4156854026E-08   -5.9395502698E-01   -5.5468226946E-10
   -4.6203850395E-09   -6.2379175780E-10   -5.9395502618E-01
   -1.7138865953E+00    2.2705411864E-08    7.5882029115E-09
   -4.6961942821E-08   -5.9394738255E-01   -2.7736280030E-10
   -1.6121187812E-08   -2.5160314748E-10   -5.9394738248E-01

#
# The IR spectrum
#  wavenumber eps Int TX TY TZ
#
$ir_spectrum
9
      0.00   0.00000000   0.00000000     0.000000     0.000000     0.000000
      0.00   0.00000000   0.00000000     0.000000     0.000000     0.000000
      0.00   0.00000000   0.00000000     0.000000     0.000000     0.000000
      0.00   0.00000000   0.00000000     0.000000     0.000000     0.000000
      0.00   0.00000000   0.00000000     0.000000     0.000000     0.000000
  -6529.68   0.00000000   0.00000000     0.000000     0.000000     0.000000
  -6529.68   0.00000000   0.00000000     0.000000     0.000000     0.000000
   7373.47   0.00000000   0.00000013    -0.000001     0.000000    -0.000000
  14061.10   0.25954851 1311.65180871    -0.075896    -0.000000    -0.000000


$end

