*************************************************
******************* ORCA 6.0.1 ******************
*************************************************
$Calculation_Status
   &GeometryIndex 1
   &ListStatus       OUT
   &VERSION [&Type "String"] "6.0.1"
   &PROGNAME [&Type "String"] "LeanSCF"
   &STATUS [&Type "String"] "NORMAL TERMINATION"
$End
$Geometry
   &GeometryIndex 1
   &ListStatus       OUT
   &NATOMS [&Type "Integer"] 3
   &NCORELESSECP [&Type "Integer"] 0
   &NGHOSTATOMS [&Type "Integer"] 0
   &CartesianCoordinates [&Type "Coordinates", &Dim(3,4), &Units "Bohr"] 
              C     -0.000002648262    0.000000036283    0.000000002835
              O      1.163303526956   -0.000000018141   -0.000000001512
              O     -1.163300878694   -0.000000018141   -0.000000001512
$End
$SCF_Energy
   &GeometryIndex 1
   &ListStatus       OUT
   &SCF_ENERGY [&Type "Double"]      -1.8277052612697969e+02
$End
$DFT_Energy
   &GeometryIndex 1
   &ListStatus       OUT
   &NALPHAEL [&Type "Integer"] 11
   &NBETAEL [&Type "Integer"] 11
   &NTOTALEL [&Type "Integer"] 22
   &EEXCHANGE [&Type "Double"]      -1.8845008990328459e+01
   &ECORR [&Type "Double"]      -1.0017161173797466e+00
   &ECNL [&Type "Double"]       0.0000000000000000e+00
   &EXC [&Type "Double"]      -1.9846725107708206e+01
   &EEMBED [&Type "Double"]       0.0000000000000000e+00
   &FINALEN [&Type "Double"]      -1.8277052612697969e+02  "No Van der Waals correction"
$End
$Mulliken_Population_Analysis
   &GeometryIndex 1
   &ListStatus       OUT
   &NATOMS [&Type "Integer"] 3
   &ATNO [&Type "ArrayOfIntegers", &Dim (3,1)] 
                                                         0

0                                                        6
1                                                        8
2                                                        8
   &ATOMICCHARGES [&Type "ArrayOfDoubles", &Dim (3,1)] 
                                                         0

0                                      1.3367043914700627e-01
1                                     -6.6846071107340421e-02
2                                     -6.6824368039712922e-02
$End
$Loewdin_Population_Analysis
   &GeometryIndex 1
   &ListStatus       OUT
   &NATOMS [&Type "Integer"] 3
   &ATNO [&Type "ArrayOfIntegers", &Dim (3,1)] 
                                                         0

0                                                        6
1                                                        8
2                                                        8
   &ATOMICCHARGES [&Type "ArrayOfDoubles", &Dim (3,1)] 
                                                         0

0                                     -8.2154617160665744e-01
1                                      4.1076976183592606e-01
2                                      4.1077640977067365e-01
$End
$Mayer_Population_Analysis
   &GeometryIndex 1
   &ListStatus       OUT
   &NATOMS [&Type "Integer"] 3 "Total number of atoms"
   &BONDTHRESH [&Type "Double"]       1.0000000000000001e-01  "The threshold for printing"
   &NBONDORDERSPRINT [&Type "Integer"] 3 "The number of bond orders larger than threshold"
   &BONDORDERS [&Type "ArrayOfDoubles", &Dim (3,1)] "The bond orders"
                                                         0

0                                      1.8263443363381986e+00
1                                      1.8263576687767133e+00
2                                      1.3537785720188191e+00
   &COMPONENTS [&Type "ArrayOfIntegers", &Dim (3,4)] "The indices and atomic numbers of the bonding atoms"
                                                         0                           1                           2                           3

0                                                        0                           6                           1                           8
1                                                        0                           6                           2                           8
2                                                        1                           8                           2                           8
   &ATNO [&Type "ArrayOfIntegers", &Dim (3,1)] "Atomic number of the elements"
                                                         0

0                                                        6
1                                                        8
2                                                        8
   &NA [&Type "ArrayOfDoubles", &Dim (3,1)] "Mulliken gross atomic population"
                                                         0

0                                      5.8663295608529999e+00
1                                      8.0668460711073422e+00
2                                      8.0668243680397183e+00
   &ZA [&Type "ArrayOfDoubles", &Dim (3,1)] "Total nuclear charge"
                                                         0

0                                      6.0000000000000000e+00
1                                      8.0000000000000000e+00
2                                      8.0000000000000000e+00
   &QA [&Type "ArrayOfDoubles", &Dim (3,1)] "Mulliken gross atomic charge"
                                                         0

0                                      1.3367043914700005e-01
1                                     -6.6846071107342198e-02
2                                     -6.6824368039718252e-02
   &VA [&Type "ArrayOfDoubles", &Dim (3,1)] "Mayer's total valence"
                                                         0

0                                      3.6527020051149135e+00
1                                      3.1801229083569886e+00
2                                      3.1801362407955138e+00
   &BVA [&Type "ArrayOfDoubles", &Dim (3,1)] "Mayer's bonded valence"
                                                         0

0                                      3.6527020051149117e+00
1                                      3.1801229083570179e+00
2                                      3.1801362407955325e+00
   &FA [&Type "ArrayOfDoubles", &Dim (3,1)] "Mayer's free valence"
                                                         0

0                                      0.0000000000000000e+00
1                                      0.0000000000000000e+00
2                                      0.0000000000000000e+00
$End
$SCF_Nuc_Gradient
   &GeometryIndex 1
   &ListStatus       OUT
   &NATOMS [&Type "Integer"] 3
   &ROOT [&Type "Integer"] 0
   &GRADNORM [&Type "Double"]       1.4255154021282832e+01
   &GRAD [&Type "ArrayOfDoubles", &Dim (9,1)] 
                                                         0

0                                     -2.5939674609846909e-04
1                                     -8.2155874239438462e-07
2                                     -1.4467224692397353e-08
3                                     -1.0079786374431880e+01
4                                      3.5538125718005803e-07
5                                      2.4634997271923991e-08
6                                      1.0080045771177126e+01
7                                      4.6617749877633729e-07
8                                     -1.0167782685697181e-08
$End
$SCF_Dipole_Moment
   &GeometryIndex 1
   &ListStatus       OUT
   &METHOD [&Type "String"] "SCF"
   &LEVEL [&Type "String"] "Relaxed density"
   &MULT [&Type "Integer"] 1
   &STATE [&Type "Integer"] -1
   &IRREP [&Type "Integer"] 0
   &NATOMS [&Type "Integer"] 3
   &DODIPOLEATOM [&Type "Boolean"] false
   &DIPOLEELECCONTRIB [&Type "ArrayOfDoubles", &Dim (3,1)] "Electronic contribution"
                                                         0

0                                     -1.3628895085049386e-05
1                                      6.2263439351137453e-08
2                                      5.8379332796261115e-09
   &DIPOLENUCCONTRIB [&Type "ArrayOfDoubles", &Dim (3,1)] "Nuclear contribution"
                                                         0

0                                      1.6969465832517017e-08
1                                     -2.3256354257608892e-10
2                                     -1.8639308900758730e-11
   &DIPOLETOTAL [&Type "ArrayOfDoubles", &Dim (3,1)] "Total"
                                                         0

0                                     -1.3611925619216869e-05
1                                      6.2030875808561364e-08
2                                      5.8192939707253528e-09
   &DIPOLEMAGNITUDE [&Type "Double", &Units "a.u."]       1.3612068202768763e-05
$End
$SCF_Polarizability
   &GeometryIndex 1
   &ListStatus       OUT
   &METHOD [&Type "String"] "SCF"
   &LEVEL [&Type "String"] "Relaxed density"
   &MULT [&Type "Integer"] 1
   &STATE [&Type "Integer"] -1
   &IRREP [&Type "Integer"] 0
   &NATOMS [&Type "Integer"] 3
   &DODIPOLEATOM [&Type "Boolean"] false
   &RAWCARTESIAN [&Type "ArrayOfDoubles", &Units "a.u", &Dim (3,3)] 
                                                         0                           1                           2

0                                      8.4069667885913884e+00         1.1661098579464002e-08         3.4120847124068760e-08
1                                      1.1661098579464002e-08         4.1691649376915567e+00         9.8164568720798403e-10
2                                      3.4120847124068760e-08         9.8164568720798403e-10         4.1691649402329531e+00
   &DIAGONALIZEDTENSOR [&Type "ArrayOfDoubles", &Dim (3,1)] 
                                                         0

0                                      4.1691649373565465e+00
1                                      4.1691649405679634e+00
2                                      8.4069667885913866e+00
   &ORIENTATION [&Type "ArrayOfDoubles", &Dim (3,3)] 
                                                         0                           1                           2

0                                      3.6869371361896583e-12        -8.5087670924474329e-09         9.9999999999999978e-01
1                                     -9.4640440214029165e-01         3.2298406711396271e-01         2.7516852130204938e-09
2                                      3.2298406711396282e-01         9.4640440214029165e-01         8.0515437887089036e-09
   &ISOTROPICPOLAR [&Type "Double"]       5.5817655555052994e+00
$End
$THERMOCHEMISTRY_Energies
   &GeometryIndex 1
   &ListStatus       OUT
   &TEMPERATURE [&Type "Double"]       2.9814999999999998e+02
   &PRESSURE [&Type "Double"]       1.0000000000000000e+00
   &TOTALMASS [&Type "Double"]       4.4009000000000000e+01
   &SPINDEGENERACY [&Type "Integer"] 1
   &ELENERGY [&Type "Double"]      -1.8277052612697969e+02
   &TRANSENERGY [&Type "Double"]       1.4162714244859817e-03
   &ROTENERGY [&Type "Double"]       9.4418094965732118e-04
   &VIBENERGY [&Type "Double"]       1.1847248414775840e-17
   &NUMOFFREQS [&Type "Integer"] 9
   &FREQSCALINGFACTOR [&Type "Double"]       1.0000000000000000e+00
   &FREQ [&Type "ArrayOfDoubles", &Dim (9,1)] "In cm^-1"
                                                         0

0                                      0.0000000000000000e+00
1                                      0.0000000000000000e+00
2                                      0.0000000000000000e+00
3                                      0.0000000000000000e+00
4                                      0.0000000000000000e+00
5                                     -6.5296822023202412e+03
6                                     -6.5296821946576620e+03
7                                      7.3734662736788832e+03
8                                      1.4061103514272396e+04
   &ZPE [&Type "Double"]       4.8831543043972164e-02
   &INNERENERGYU [&Type "Double"]      -1.8271933413156157e+02
   &ENTHALPYH [&Type "Double"]      -1.8271838992251932e+02
   &QEL [&Type "Double"]       0.0000000000000000e+00
   &QROT [&Type "Double"]       5.6691841163394900e-03
   &QVIB [&Type "Double"]      -2.5296571359743172e-11
   &QTRANS [&Type "Double"]       1.7708800485862652e-02
   &ENTROPYS [&Type "Double"]       2.3377984576905573e-02
   &FREEENERGYG [&Type "Double"]      -1.8274176790709623e+02
   &ISLINEAR [&Type "Boolean"] true
$End
$Hessian
   &GeometryIndex 1
   &ListStatus       OUT
   &HESSIAN [&Type "ArrayOfDoubles", &Dim (9,9)] "The Hessian"
                                                         0                           1                           2                           3                           4                           5                           6                           7

0                                      6.5344126002902271e+01        -1.2259439759792702e-07        -2.2335791236130106e-09        -3.2671659598133878e+01         1.8735409285480790e-06         1.6022995408245023e-07        -3.2672466404768393e+01        -1.8303489630347295e-06
1                                     -1.2259439759792702e-07        -1.4091325024415909e+01         6.6148892908381702e-09         1.6692537753229453e-06         7.0455268583708550e+00        -4.1582454232168972e-09        -1.4672569456404407e-06         7.0457981660450546e+00
2                                     -2.2335791236130106e-09         6.6148892908381702e-09        -1.4091324994105017e+01         1.2845700591083035e-07        -4.6708205300105981e-09         7.0455268363501666e+00        -9.8730780554640570e-08        -1.9335499184667424e-09
3                                     -3.2671659598133878e+01         1.6692537753229453e-06         1.2845700591083035e-07         3.2795008443965543e+01        -1.7064586766533520e-06        -1.6831656746619410e-07        -1.2334884583166103e-01         1.1983180203296955e-07
4                                      1.8735409285480790e-06         7.0455268583708550e+00        -4.6708205300105981e-09        -1.7064586766533520e-06        -7.8551816993558941e+00         2.9695756635900918e-08        -2.4970915259728970e-07         8.0965484098503870e-01
5                                      1.6022995408245023e-07        -4.1582454232168972e-09         7.0455268363501666e+00        -1.6831656746619410e-07         2.9695756635900918e-08        -7.8551816900412961e+00         3.6177879837104992e-08        -2.5547174310347554e-08
6                                     -3.2672466404768393e+01        -1.4672569456404407e-06        -9.8730780554640570e-08        -1.2334884583166103e-01        -2.4970915259728970e-07         3.6177879837104992e-08         3.2795815250600057e+01         1.7137416296197451e-06
7                                     -1.8303489630347295e-06         7.0457981660450546e+00        -1.9335499184667424e-09         1.1983180203296955e-07         8.0965484098503870e-01        -2.5547174310347554e-08         1.7137416296197451e-06        -7.8554530070300936e+00
8                                     -1.8548902119141399e-07        -2.4671627099821038e-09         7.0457981577548505e+00         1.1768295102002637e-08        -2.5015273008226785e-08         8.0965485369112933e-01         1.1813681340347347e-07         2.7481579973511592e-08
                                                         8

0                                     -1.8548902119141399e-07
1                                     -2.4671627099821038e-09
2                                      7.0457981577548505e+00
3                                      1.1768295102002637e-08
4                                     -2.5015273008226785e-08
5                                      8.0965485369112933e-01
6                                      1.1813681340347347e-07
7                                      2.7481579973511592e-08
8                                     -7.8554530114459800e+00
   &MODES [&Type "ArrayOfDoubles", &Dim (9,9)] "The modes of vibrations"
                                                         0                           1                           2                           3                           4                           5                           6                           7

0                                      0.0000000000000000e+00         0.0000000000000000e+00         0.0000000000000000e+00         0.0000000000000000e+00         0.0000000000000000e+00         3.7035294365446185e-10        -8.4374882272759333e-11        -2.1889415048189535e-06
1                                      0.0000000000000000e+00         0.0000000000000000e+00         0.0000000000000000e+00         0.0000000000000000e+00         0.0000000000000000e+00         2.4084685565023708e-01        -5.0271081239954107e-02         1.2481010446533372e-08
2                                      0.0000000000000000e+00         0.0000000000000000e+00         0.0000000000000000e+00         0.0000000000000000e+00         0.0000000000000000e+00        -5.0271081239954274e-02        -2.4084685565023742e-01         1.0024014937019325e-09
3                                      0.0000000000000000e+00         0.0000000000000000e+00         0.0000000000000000e+00         0.0000000000000000e+00         0.0000000000000000e+00        -8.7704918143143735e-09         2.5690526158921946e-09         1.7678304147719848e-01
4                                      0.0000000000000000e+00         0.0000000000000000e+00         0.0000000000000000e+00         0.0000000000000000e+00         0.0000000000000000e+00        -9.0405703636757456e-02         1.8870051094537401e-02        -4.6849845170676836e-09
5                                      0.0000000000000000e+00         0.0000000000000000e+00         0.0000000000000000e+00         0.0000000000000000e+00         0.0000000000000000e+00         1.8870051094537470e-02         9.0405703636757595e-02        -3.7627042368260400e-10
6                                      0.0000000000000000e+00         0.0000000000000000e+00         0.0000000000000000e+00         0.0000000000000000e+00         0.0000000000000000e+00         8.4924551135079739e-09        -2.5057094811433743e-09        -1.7678139816346550e-01
7                                      0.0000000000000000e+00         0.0000000000000000e+00         0.0000000000000000e+00         0.0000000000000000e+00         0.0000000000000000e+00        -9.0406321065723841e-02         1.8870179968222066e-02        -4.6849396300415827e-09
8                                      0.0000000000000000e+00         0.0000000000000000e+00         0.0000000000000000e+00         0.0000000000000000e+00         0.0000000000000000e+00         1.8870179968222111e-02         9.0406321065723882e-02        -3.7626688523356072e-10
                                                         8

0                                     -2.4603737415490659e-01
1                                      3.7967930906010492e-10
2                                      6.9153012497215953e-12
3                                      9.2352790009811989e-02
4                                     -4.4632396658326864e-09
5                                     -3.4765333196343342e-10
6                                      9.2355935596449820e-02
7                                      4.1782013426390098e-09
8                                      3.4246178176503209e-10
$End
