
$orca_hessian_file

$act_atom
  0

$act_coord
  0

$act_energy
        0.000000

$multiplicity
  1

$hessian
9
                    0                  1                  2                  3                  4        
    0      6.4595508018E+01  -4.9995497517E-05   2.4618533525E-06  -3.2297352108E+01  -2.4476687234E+00
    1     -4.9995497517E-05  -1.3686004158E+01  -1.2857929702E-02  -2.0516891654E+00   6.8428681611E+00
    2      2.4618533525E-06  -1.2857929702E-02  -1.3955465929E+01   9.8422333180E-02   6.4285767917E-03
    3     -3.2297352108E+01  -2.0516891654E+00   9.8422333180E-02   3.2448966057E+01   2.2496803083E+00
    4     -2.4476687234E+00   6.8428681611E+00   6.4285767917E-03   2.2496803083E+00  -7.6452974755E+00
    5      1.1736294792E-01   6.4292166227E-03   6.9775978185E+00  -1.0789269468E-01  -6.8590490047E-03
    6     -3.2298155910E+01   2.0517392984E+00  -9.8424785552E-02  -1.5161394930E-01   1.9798085969E-01
    7      2.4477185814E+00   6.8431359971E+00   6.4287189003E-03  -1.9798358754E-01   8.0242931439E-01
    8     -1.1736541926E-01   6.4293470899E-03   6.9778681109E+00   9.4779768328E-03   4.3015281562E-04
                    5                  6                  7                  8        
     0      1.1736294792E-01  -3.2298155910E+01   2.4477185814E+00  -1.1736541926E-01
     1      6.4292166227E-03   2.0517392984E+00   6.8431359971E+00   6.4293470899E-03
     2      6.9775978185E+00  -9.8424785552E-02   6.4287189003E-03   6.9778681109E+00
     3     -1.0789269468E-01  -1.5161394930E-01  -1.9798358754E-01   9.4779768328E-03
     4     -6.8590490047E-03   1.9798085969E-01   8.0242931439E-01   4.3015281562E-04
     5     -7.7889943491E+00  -9.4778685814E-03   4.3015177937E-04   8.1139653062E-01
     6     -9.4778685814E-03   3.2449769859E+01  -2.2497275760E+00   1.0789504828E-01
     7      4.3015177937E-04  -2.2497275760E+00  -7.6455653115E+00  -6.8591852926E-03
     8      8.1139653062E-01   1.0789504828E-01  -6.8591852926E-03  -7.7892646415E+00

$vibrational_frequencies
9
    0        0.0000000000000000
    1        0.0000000000000000
    2        0.0000000000000000
    3        0.0000000000000000
    4        0.0000000000000000
    5        0.0000000000000000
    6    -6469.0937965277971671
    7     7367.7569067756976438
    8    13990.4162791037560964

$normal_modes
9 9
                    0                  1                  2                  3                  4        
    0      0.0000000000E+00   0.0000000000E+00   0.0000000000E+00   0.0000000000E+00   0.0000000000E+00
    1      0.0000000000E+00   0.0000000000E+00   0.0000000000E+00   0.0000000000E+00   0.0000000000E+00
    2      0.0000000000E+00   0.0000000000E+00   0.0000000000E+00   0.0000000000E+00   0.0000000000E+00
    3      0.0000000000E+00   0.0000000000E+00   0.0000000000E+00   0.0000000000E+00   0.0000000000E+00
    4      0.0000000000E+00   0.0000000000E+00   0.0000000000E+00   0.0000000000E+00   0.0000000000E+00
    5      0.0000000000E+00   0.0000000000E+00   0.0000000000E+00   0.0000000000E+00   0.0000000000E+00
    6      0.0000000000E+00   0.0000000000E+00   0.0000000000E+00   0.0000000000E+00   0.0000000000E+00
    7      0.0000000000E+00   0.0000000000E+00   0.0000000000E+00   0.0000000000E+00   0.0000000000E+00
    8      0.0000000000E+00   0.0000000000E+00   0.0000000000E+00   0.0000000000E+00   0.0000000000E+00
                    5                  6                  7                  8        
     0      0.0000000000E+00   2.4851394775E-07   8.8675296599E-06  -8.8288472422E-01
     1      0.0000000000E+00   8.8061657079E-01   6.6516772354E-02   7.3524025677E-07
     2      0.0000000000E+00  -4.2229867598E-02  -3.1898042607E-03  -3.6533475022E-08
     3      0.0000000000E+00   4.2987533288E-02  -7.0509752555E-01   3.3140026758E-01
     4      0.0000000000E+00  -3.3055344501E-01  -2.4968624959E-02   2.0648702767E-02
     5      0.0000000000E+00   1.5851652961E-02   1.1973665547E-03  -9.9020571650E-04
     6      0.0000000000E+00  -4.2987719856E-02   7.0509086839E-01   3.3141168458E-01
     7      0.0000000000E+00  -3.3055572630E-01  -2.4967805614E-02  -2.0649254737E-02
     8      0.0000000000E+00   1.5851762235E-02   1.1973292998E-03   9.9023314343E-04

#
# The atoms: label  mass x y z (in bohrs)
#
$atoms
3
 C     12.01100     -0.000002888654    -0.052700183373     0.002527231306
 O     15.99900      1.163303288076     0.019782395239    -0.000948660836
 O     15.99900     -1.163301119463     0.019781446407    -0.000948618695

$actual_temperature
  0.000000

$frequency_scale_factor
  1.000000

$dipole_derivatives
9
    3.4340383144E+00    2.8081666691E-08   -3.9203219137E-09
    1.5329586266E-06    1.1762627271E+00    3.7173630120E-04
   -1.1036064459E-07    3.7205972870E-04    1.1840551937E+00
   -1.7170159894E+00    4.8718664877E-02   -2.3368687252E-03
   -7.0082845471E-02   -5.8806808120E-01   -1.8563181888E-04
    3.3359621963E-03   -1.8425227489E-04   -5.9192915357E-01
   -1.7170082640E+00   -4.8718708267E-02    2.3368737505E-03
    7.0081248369E-02   -5.8806034945E-01   -1.8563150719E-04
   -3.3358479590E-03   -1.8425321454E-04   -5.9192143046E-01

#
# The IR spectrum
#  wavenumber eps Int TX TY TZ
#
$ir_spectrum
9
      0.00   0.00000000   0.00000000     0.000000     0.000000     0.000000
      0.00   0.00000000   0.00000000     0.000000     0.000000     0.000000
      0.00   0.00000000   0.00000000     0.000000     0.000000     0.000000
      0.00   0.00000000   0.00000000     0.000000     0.000000     0.000000
      0.00   0.00000000   0.00000000     0.000000     0.000000     0.000000
      0.00   0.00000000   0.00000000     0.000000     0.000000     0.000000
  -6469.09   0.00000000   0.00000000     0.000000     0.000000     0.000000
   7367.76   0.00001831   0.09253364     0.000001     0.000880    -0.000042
  13990.42   0.26058121 1316.87062688    -0.076239     0.000000    -0.000000


$end

