*************************************************
******************* ORCA 6.0.1 ******************
*************************************************
$Calculation_Status
   &GeometryIndex 1
   &ListStatus       OUT
   &VERSION [&Type "String"] "6.0.1"
   &PROGNAME [&Type "String"] "LeanSCF"
   &STATUS [&Type "String"] "NORMAL TERMINATION"
$End
$Geometry
   &GeometryIndex 1
   &ListStatus       OUT
   &NATOMS [&Type "Integer"] 3
   &NCORELESSECP [&Type "Integer"] 0
   &NGHOSTATOMS [&Type "Integer"] 0
   &CartesianCoordinates [&Type "Coordinates", &Dim(3,4), &Units "Bohr"] 
              C     -0.000002648829   -0.054693710625    0.002622830081
              O      1.163303527901    0.017788867987   -0.000853062061
              O     -1.163300879638    0.017787919155   -0.000853019920
$End
$SCF_Energy
   &GeometryIndex 1
   &ListStatus       OUT
   &SCF_ENERGY [&Type "Double"]      -1.8280744754413405e+02
$End
$DFT_Energy
   &GeometryIndex 1
   &ListStatus       OUT
   &NALPHAEL [&Type "Integer"] 11
   &NBETAEL [&Type "Integer"] 11
   &NTOTALEL [&Type "Integer"] 22
   &EEXCHANGE [&Type "Double"]      -1.8840749403602647e+01
   &ECORR [&Type "Double"]      -1.0015567709985533e+00
   &ECNL [&Type "Double"]       0.0000000000000000e+00
   &EXC [&Type "Double"]      -1.9842306174601202e+01
   &EEMBED [&Type "Double"]       0.0000000000000000e+00
   &FINALEN [&Type "Double"]      -1.8280744754413405e+02  "No Van der Waals correction"
$End
$Mulliken_Population_Analysis
   &GeometryIndex 1
   &ListStatus       OUT
   &NATOMS [&Type "Integer"] 3
   &ATNO [&Type "ArrayOfIntegers", &Dim (3,1)] 
                                                         0

0                                                        6
1                                                        8
2                                                        8
   &ATOMICCHARGES [&Type "ArrayOfDoubles", &Dim (3,1)] 
                                                         0

0                                      1.0742745056038938e-01
1                                     -5.3724522953221054e-02
2                                     -5.3702927607146123e-02
$End
$Loewdin_Population_Analysis
   &GeometryIndex 1
   &ListStatus       OUT
   &NATOMS [&Type "Integer"] 3
   &ATNO [&Type "ArrayOfIntegers", &Dim (3,1)] 
                                                         0

0                                                        6
1                                                        8
2                                                        8
   &ATOMICCHARGES [&Type "ArrayOfDoubles", &Dim (3,1)] 
                                                         0

0                                     -8.1676238170812532e-01
1                                      4.0837785726234621e-01
2                                      4.0838452444581463e-01
$End
$Mayer_Population_Analysis
   &GeometryIndex 1
   &ListStatus       OUT
   &NATOMS [&Type "Integer"] 3 "Total number of atoms"
   &BONDTHRESH [&Type "Double"]       1.0000000000000001e-01  "The threshold for printing"
   &NBONDORDERSPRINT [&Type "Integer"] 3 "The number of bond orders larger than threshold"
   &BONDORDERS [&Type "ArrayOfDoubles", &Dim (3,1)] "The bond orders"
                                                         0

0                                      1.8569848548049113e+00
1                                      1.8569973511538187e+00
2                                      1.3029782339480236e+00
   &COMPONENTS [&Type "ArrayOfIntegers", &Dim (3,4)] "The indices and atomic numbers of the bonding atoms"
                                                         0                           1                           2                           3

0                                                        0                           6                           1                           8
1                                                        0                           6                           2                           8
2                                                        1                           8                           2                           8
   &ATNO [&Type "ArrayOfIntegers", &Dim (3,1)] "Atomic number of the elements"
                                                         0

0                                                        6
1                                                        8
2                                                        8
   &NA [&Type "ArrayOfDoubles", &Dim (3,1)] "Mulliken gross atomic population"
                                                         0

0                                      5.8925725494396017e+00
1                                      8.0537245229532211e+00
2                                      8.0537029276071550e+00
   &ZA [&Type "ArrayOfDoubles", &Dim (3,1)] "Total nuclear charge"
                                                         0

0                                      6.0000000000000000e+00
1                                      8.0000000000000000e+00
2                                      8.0000000000000000e+00
   &QA [&Type "ArrayOfDoubles", &Dim (3,1)] "Mulliken gross atomic charge"
                                                         0

0                                      1.0742745056039826e-01
1                                     -5.3724522953221054e-02
2                                     -5.3702927607155004e-02
   &VA [&Type "ArrayOfDoubles", &Dim (3,1)] "Mayer's total valence"
                                                         0

0                                      3.7139822059587049e+00
1                                      3.1599630887529426e+00
2                                      3.1599755851018965e+00
   &BVA [&Type "ArrayOfDoubles", &Dim (3,1)] "Mayer's bonded valence"
                                                         0

0                                      3.7139822059587297e+00
1                                      3.1599630887529351e+00
2                                      3.1599755851018423e+00
   &FA [&Type "ArrayOfDoubles", &Dim (3,1)] "Mayer's free valence"
                                                         0

0                                      0.0000000000000000e+00
1                                      0.0000000000000000e+00
2                                      0.0000000000000000e+00
$End
$Calculation_Info
   &GeometryIndex 1
   &ListStatus       OUT
   &MULT [&Type "Integer"] 1
   &CHARGE [&Type "Integer"] 0
   &NUMOFATOMS [&Type "Integer"] 3
   &NUMOFELECTRONS [&Type "Integer"] 22
   &NUMOFFCELECTRONS [&Type "Integer"] 1
   &NUMOFCORRELECTRONS [&Type "Integer"] 0
   &NUMOFBASISFUNCTS [&Type "Integer"] 42
   &NUMOFAUXCBASISFUNCTS [&Type "Integer"] 0
   &NUMOFAUXJBASISFUNCTS [&Type "Integer"] 147
   &NUMOFAUXJKBASISFUNCTS [&Type "Integer"] 0
   &NUMOFCABSBASISFUNCTS [&Type "Integer"] 0
   &TOTALENERGY [&Type "Double"]      -1.8280744754413405e+02  "Hartrees"
$End
$SCF_Dipole_Moment
   &GeometryIndex 1
   &ListStatus       OUT
   &METHOD [&Type "String"] "SCF"
   &LEVEL [&Type "String"] "Relaxed density"
   &MULT [&Type "Integer"] 1
   &STATE [&Type "Integer"] -1
   &IRREP [&Type "Integer"] 0
   &NATOMS [&Type "Integer"] 3
   &DODIPOLEATOM [&Type "Boolean"] false
   &DIPOLEELECCONTRIB [&Type "ArrayOfDoubles", &Dim (3,1)] "Electronic contribution"
                                                         0

0                                     -1.3722967936027203e-05
1                                     -8.6128988568121193e-02
2                                      4.1303484500467965e-03
   &DIPOLENUCCONTRIB [&Type "ArrayOfDoubles", &Dim (3,1)] "Nuclear contribution"
                                                         0

0                                      1.6971801741760828e-08
1                                      3.0963292944313769e-04
2                                     -1.4848411965653896e-05
   &DIPOLETOTAL [&Type "ArrayOfDoubles", &Dim (3,1)] "Total"
                                                         0

0                                     -1.3705996134285442e-05
1                                     -8.5819355638678055e-02
2                                      4.1155000380811426e-03
   &DIPOLEMAGNITUDE [&Type "Double", &Units "a.u."]       8.5917980252422588e-02
$End
$SCF_Polarizability
   &GeometryIndex 1
   &ListStatus       OUT
   &METHOD [&Type "String"] "SCF"
   &LEVEL [&Type "String"] "Relaxed density"
   &MULT [&Type "Integer"] 1
   &STATE [&Type "Integer"] -1
   &IRREP [&Type "Integer"] 0
   &NATOMS [&Type "Integer"] 3
   &DODIPOLEATOM [&Type "Boolean"] false
   &RAWCARTESIAN [&Type "ArrayOfDoubles", &Units "a.u", &Dim (3,3)] 
                                                         0                           1                           2

0                                      8.4071274801879117e+00         1.7994685827784555e-06        -9.6518509834847489e-08
1                                      1.7994685827784555e-06         4.2156679588397923e+00        -1.9843068201109088e-03
2                                     -9.6518509834847489e-08        -1.9843068201109088e-03         4.1742898024036679e+00
   &DIAGONALIZEDTENSOR [&Type "ArrayOfDoubles", &Dim (3,1)] 
                                                         0

0                                      4.1741948619759190e+00
1                                      4.2157628992667648e+00
2                                      8.4071274801886879e+00
   &ORIENTATION [&Type "ArrayOfDoubles", &Dim (3,3)] 
                                                         0                           1                           2

0                                      2.4592589198803142e-09        -4.2993758099574775e-07        -9.9999999999990752e-01
1                                      4.7790968588093646e-02         9.9885735884621052e-01        -4.2932878625638447e-07
2                                      9.9885735884630289e-01        -4.7790968588088165e-02         2.3003582297639511e-08
   &ISOTROPICPOLAR [&Type "Double"]       5.5990284138104567e+00
$End
$THERMOCHEMISTRY_Energies
   &GeometryIndex 1
   &ListStatus       OUT
   &TEMPERATURE [&Type "Double"]       2.9814999999999998e+02
   &PRESSURE [&Type "Double"]       1.0000000000000000e+00
   &TOTALMASS [&Type "Double"]       4.4009000000000000e+01
   &SPINDEGENERACY [&Type "Integer"] 1
   &ELENERGY [&Type "Double"]      -1.8280744754413405e+02
   &TRANSENERGY [&Type "Double"]       1.4162714244859817e-03
   &ROTENERGY [&Type "Double"]       1.4162714244859817e-03
   &VIBENERGY [&Type "Double"]       1.2167896359508166e-17
   &NUMOFFREQS [&Type "Integer"] 9
   &FREQSCALINGFACTOR [&Type "Double"]       1.0000000000000000e+00
   &FREQ [&Type "ArrayOfDoubles", &Dim (9,1)] "In cm^-1"
                                                         0

0                                      0.0000000000000000e+00
1                                      0.0000000000000000e+00
2                                      0.0000000000000000e+00
3                                      0.0000000000000000e+00
4                                      0.0000000000000000e+00
5                                      0.0000000000000000e+00
6                                     -6.4690536294783187e+03
7                                      7.3677720180143660e+03
8                                      1.3990451287638956e+04
   &ZPE [&Type "Double"]       4.8657612959371897e-02
   &INNERENERGYU [&Type "Double"]      -1.8275595738832570e+02
   &ENTHALPYH [&Type "Double"]      -1.8275501317928345e+02
   &QEL [&Type "Double"]       0.0000000000000000e+00
   &QROT [&Type "Double"]       5.1575357018159825e-03
   &QVIB [&Type "Double"]      -2.5399477265897569e-11
   &QTRANS [&Type "Double"]       1.7708800485862652e-02
   &ENTROPYS [&Type "Double"]       2.2866336162279156e-02
   &FREEENERGYG [&Type "Double"]      -1.8277787951544573e+02
   &ISLINEAR [&Type "Boolean"] false
$End
$Hessian
   &GeometryIndex 1
   &ListStatus       OUT
   &HESSIAN [&Type "ArrayOfDoubles", &Dim (9,9)] "The Hessian"
                                                         0                           1                           2                           3                           4                           5                           6                           7

0                                      6.4595832238432536e+01        -5.0022575713848383e-05         2.4636876714140277e-06        -3.2297514254763506e+01        -2.4476670770715776e+00         1.1736286614636673e-01        -3.2298317983669023e+01         2.4477169619735482e+00
1                                     -5.0022575713848383e-05        -1.3685841835187155e+01        -1.2856947256830224e-02        -2.0516195109889201e+00         6.8427869945959108e+00         6.4287262402336707e-03         2.0516696712383773e+00         6.8430548405912432e+00
2                                      2.4636876714140277e-06        -1.2856947256830224e-02        -1.3955282781512523e+01         9.8418989312093724e-02         6.4280858164608009e-03         6.9775062371530403e+00        -9.8421443543844078e-02         6.4282272715535313e-03
3                                     -3.2297514254763506e+01        -2.0516195109889201e+00         9.8418989312093724e-02         3.2449123243066801e+01         2.2496446622859994e+00        -1.0789098311101755e-01        -1.5160898830329678e-01        -1.9801759592584400e-01
4                                     -2.4476670770715776e+00         6.8427869945959108e+00         6.4280858164608009e-03         2.2496446622859994e+00        -7.6452746914905472e+00        -6.8587735525341082e-03         1.9801485941434263e-01         8.0248769689463650e-01
5                                      1.1736286614636673e-01         6.4287262402336707e-03         6.9775062371530403e+00        -1.0789098311101755e-01        -6.8587735525341082e-03        -7.7889657175322133e+00        -9.4794979083994545e-03         4.3036678937937215e-04
6                                     -3.2298317983669023e+01         2.0516696712383773e+00        -9.8421443543844078e-02        -1.5160898830329678e-01         1.9801485941434263e-01        -9.4794979083994545e-03         3.2449926971972317e+01        -2.2496919483502120e+00
7                                      2.4477169619735482e+00         6.8430548405912432e+00         6.4282272715535313e-03        -1.9801759592584400e-01         8.0248769689463650e-01         4.3036678937937215e-04        -2.2496919483502120e+00        -7.6455425374858796e+00
8                                     -1.1736533928995921e-01         6.4288551854124456e-03         6.9777765443594832e+00         9.4796086719741157e-03         4.3036825899437237e-04         8.1145948037917270e-01         1.0789333603511431e-01        -6.8589087526698608e-03
                                                         8

0                                     -1.1736533928995921e-01
1                                      6.4288551854124456e-03
2                                      6.9777765443594832e+00
3                                      9.4796086719741157e-03
4                                      4.3036825899437237e-04
5                                      8.1145948037917270e-01
6                                      1.0789333603511431e-01
7                                     -6.8589087526698608e-03
8                                     -7.7892360247386563e+00
   &MODES [&Type "ArrayOfDoubles", &Dim (9,9)] "The modes of vibrations"
                                                         0                           1                           2                           3                           4                           5                           6                           7

0                                      0.0000000000000000e+00         0.0000000000000000e+00         0.0000000000000000e+00         0.0000000000000000e+00         0.0000000000000000e+00         0.0000000000000000e+00         6.9288853296758538e-08         2.2179764702052545e-06
1                                      0.0000000000000000e+00         0.0000000000000000e+00         0.0000000000000000e+00         0.0000000000000000e+00         0.0000000000000000e+00         0.0000000000000000e+00         2.4519107544612051e-01         1.6638395964121377e-02
2                                      0.0000000000000000e+00         0.0000000000000000e+00         0.0000000000000000e+00         0.0000000000000000e+00         0.0000000000000000e+00         0.0000000000000000e+00        -1.1758110164968590e-02        -7.9789238803967951e-04
3                                      0.0000000000000000e+00         0.0000000000000000e+00         0.0000000000000000e+00         0.0000000000000000e+00         0.0000000000000000e+00         0.0000000000000000e+00         1.1968695148658339e-02        -1.7637742668989934e-01
4                                      0.0000000000000000e+00         0.0000000000000000e+00         0.0000000000000000e+00         0.0000000000000000e+00         0.0000000000000000e+00         0.0000000000000000e+00        -9.2036372429375318e-02        -6.2456107532813630e-03
5                                      0.0000000000000000e+00         0.0000000000000000e+00         0.0000000000000000e+00         0.0000000000000000e+00         0.0000000000000000e+00         0.0000000000000000e+00         4.4135938001741096e-03         2.9950729932733485e-04
6                                      0.0000000000000000e+00         0.0000000000000000e+00         0.0000000000000000e+00         0.0000000000000000e+00         0.0000000000000000e+00         0.0000000000000000e+00        -1.1968747166185493e-02         1.7637576157861840e-01
7                                      0.0000000000000000e+00         0.0000000000000000e+00         0.0000000000000000e+00         0.0000000000000000e+00         0.0000000000000000e+00         0.0000000000000000e+00        -9.2037007605836343e-02        -6.2454058055699388e-03
8                                      0.0000000000000000e+00         0.0000000000000000e+00         0.0000000000000000e+00         0.0000000000000000e+00         0.0000000000000000e+00         0.0000000000000000e+00         4.4136242254173459e-03         2.9949798054921715e-04
                                                         8

0                                     -2.4590683611428935e-01
1                                      2.0486021738108678e-07
2                                     -1.0179201007419991e-08
3                                      9.2303773282037427e-02
4                                      5.7512119110020177e-03
5                                     -2.7579858044221947e-04
6                                      9.2306952923895971e-02
7                                     -5.7513657066186703e-03
8                                      2.7580622231877089e-04
$End
