
$orca_hessian_file

$act_atom
  0

$act_coord
  0

$act_energy
        0.000000

$multiplicity
  1

$hessian
9
                    0                  1                  2                  3                  4        
    0      6.4595832238E+01  -5.0022575714E-05   2.4636876714E-06  -3.2297514255E+01  -2.4476670771E+00
    1     -5.0022575714E-05  -1.3685841835E+01  -1.2856947257E-02  -2.0516195110E+00   6.8427869946E+00
    2      2.4636876714E-06  -1.2856947257E-02  -1.3955282782E+01   9.8418989312E-02   6.4280858165E-03
    3     -3.2297514255E+01  -2.0516195110E+00   9.8418989312E-02   3.2449123243E+01   2.2496446623E+00
    4     -2.4476670771E+00   6.8427869946E+00   6.4280858165E-03   2.2496446623E+00  -7.6452746915E+00
    5      1.1736286615E-01   6.4287262402E-03   6.9775062372E+00  -1.0789098311E-01  -6.8587735525E-03
    6     -3.2298317984E+01   2.0516696712E+00  -9.8421443544E-02  -1.5160898830E-01   1.9801485941E-01
    7      2.4477169620E+00   6.8430548406E+00   6.4282272716E-03  -1.9801759593E-01   8.0248769689E-01
    8     -1.1736533929E-01   6.4288551854E-03   6.9777765444E+00   9.4796086720E-03   4.3036825899E-04
                    5                  6                  7                  8        
     0      1.1736286615E-01  -3.2298317984E+01   2.4477169620E+00  -1.1736533929E-01
     1      6.4287262402E-03   2.0516696712E+00   6.8430548406E+00   6.4288551854E-03
     2      6.9775062372E+00  -9.8421443544E-02   6.4282272716E-03   6.9777765444E+00
     3     -1.0789098311E-01  -1.5160898830E-01  -1.9801759593E-01   9.4796086720E-03
     4     -6.8587735525E-03   1.9801485941E-01   8.0248769689E-01   4.3036825899E-04
     5     -7.7889657175E+00  -9.4794979084E-03   4.3036678938E-04   8.1145948038E-01
     6     -9.4794979084E-03   3.2449926972E+01  -2.2496919484E+00   1.0789333604E-01
     7      4.3036678938E-04  -2.2496919484E+00  -7.6455425375E+00  -6.8589087527E-03
     8      8.1145948038E-01   1.0789333604E-01  -6.8589087527E-03  -7.7892360247E+00

$vibrational_frequencies
9
    0        0.0000000000000000
    1        0.0000000000000000
    2        0.0000000000000000
    3        0.0000000000000000
    4        0.0000000000000000
    5        0.0000000000000000
    6    -6469.0536294783187259
    7     7367.7720180143660400
    8    13990.4512876389562734

$normal_modes
9 9
                    0                  1                  2                  3                  4        
    0      0.0000000000E+00   0.0000000000E+00   0.0000000000E+00   0.0000000000E+00   0.0000000000E+00
    1      0.0000000000E+00   0.0000000000E+00   0.0000000000E+00   0.0000000000E+00   0.0000000000E+00
    2      0.0000000000E+00   0.0000000000E+00   0.0000000000E+00   0.0000000000E+00   0.0000000000E+00
    3      0.0000000000E+00   0.0000000000E+00   0.0000000000E+00   0.0000000000E+00   0.0000000000E+00
    4      0.0000000000E+00   0.0000000000E+00   0.0000000000E+00   0.0000000000E+00   0.0000000000E+00
    5      0.0000000000E+00   0.0000000000E+00   0.0000000000E+00   0.0000000000E+00   0.0000000000E+00
    6      0.0000000000E+00   0.0000000000E+00   0.0000000000E+00   0.0000000000E+00   0.0000000000E+00
    7      0.0000000000E+00   0.0000000000E+00   0.0000000000E+00   0.0000000000E+00   0.0000000000E+00
    8      0.0000000000E+00   0.0000000000E+00   0.0000000000E+00   0.0000000000E+00   0.0000000000E+00
                    5                  6                  7                  8        
     0      0.0000000000E+00   2.4885456901E-07   8.8667241969E-06  -8.8288472422E-01
     1      0.0000000000E+00   8.8061667213E-01   6.6514712881E-02   7.3551414586E-07
     2      0.0000000000E+00  -4.2229872458E-02  -3.1897054989E-03  -3.6546609343E-08
     3      0.0000000000E+00   4.2986199528E-02  -7.0509765005E-01   3.3140026811E-01
     4      0.0000000000E+00  -3.3055348306E-01  -2.4967851884E-02   2.0648702664E-02
     5      0.0000000000E+00   1.5851654785E-02   1.1973294820E-03  -9.9020571157E-04
     6      0.0000000000E+00  -4.2986386351E-02   7.0509099350E-01   3.3141168405E-01
     7      0.0000000000E+00  -3.3055576433E-01  -2.4967032572E-02  -2.0649254840E-02
     8      0.0000000000E+00   1.5851764059E-02   1.1972922286E-03   9.9023314836E-04

#
# The atoms: label  mass x y z (in bohrs)
#
$atoms
3
 C     12.01100     -0.000002888654    -0.052700183373     0.002527231306
 O     15.99900      1.163303288076     0.019782395239    -0.000948660836
 O     15.99900     -1.163301119463     0.019781446407    -0.000948618695

$actual_temperature
  0.000000

$frequency_scale_factor
  1.000000

$dipole_derivatives
9
    3.4340742084E+00    2.5652060283E-08   -2.9615622442E-09
    1.5281223734E-06    1.1762708008E+00    3.7189259996E-04
   -1.1057916052E-07    3.7221707985E-04    1.1840665203E+00
   -1.7170339128E+00    4.8724334959E-02   -2.3371403468E-03
   -7.0075764937E-02   -5.8807212330E-01   -1.8571001238E-04
    3.3356196040E-03   -1.8433104447E-04   -5.9193481811E-01
   -1.7170262328E+00   -4.8724375913E-02    2.3371444075E-03
    7.0074172422E-02   -5.8806437388E-01   -1.8570958370E-04
   -3.3355050977E-03   -1.8433174055E-04   -5.9192707776E-01

#
# The IR spectrum
#  wavenumber eps Int TX TY TZ
#
$ir_spectrum
9
      0.00   0.00000000   0.00000000     0.000000     0.000000     0.000000
      0.00   0.00000000   0.00000000     0.000000     0.000000     0.000000
      0.00   0.00000000   0.00000000     0.000000     0.000000     0.000000
      0.00   0.00000000   0.00000000     0.000000     0.000000     0.000000
      0.00   0.00000000   0.00000000     0.000000     0.000000     0.000000
      0.00   0.00000000   0.00000000     0.000000     0.000000     0.000000
  -6469.05   0.00000000   0.00000000     0.000000     0.000000     0.000000
   7367.77   0.00001830   0.09248322     0.000001     0.000879    -0.000042
  13990.45   0.26058662 1316.89795155    -0.076240     0.000000    -0.000000


$end

