*************************************************
******************* ORCA 6.0.1 ******************
*************************************************
$Calculation_Status
   &GeometryIndex 1
   &ListStatus       OUT
   &VERSION [&Type "String"] "6.0.1"
   &PROGNAME [&Type "String"] "LeanSCF"
   &STATUS [&Type "String"] "NORMAL TERMINATION"
$End
$Geometry
   &GeometryIndex 1
   &ListStatus       OUT
   &NATOMS [&Type "Integer"] 3
   &NCORELESSECP [&Type "Integer"] 0
   &NGHOSTATOMS [&Type "Integer"] 0
   &CartesianCoordinates [&Type "Coordinates", &Dim(3,4), &Units "Bohr"] 
              C     -0.000002648829   -0.054693710625    0.002622830081
              O      1.163303527901    0.017788867987   -0.000853062061
              O     -1.163300879638    0.017787919155   -0.000853019920
$End
$SCF_Energy
   &GeometryIndex 1
   &ListStatus       OUT
   &SCF_ENERGY [&Type "Double"]      -1.8280744754540186e+02
$End
$DFT_Energy
   &GeometryIndex 1
   &ListStatus       OUT
   &NALPHAEL [&Type "Integer"] 11
   &NBETAEL [&Type "Integer"] 11
   &NTOTALEL [&Type "Integer"] 22
   &EEXCHANGE [&Type "Double"]      -1.8840707188896396e+01
   &ECORR [&Type "Double"]      -1.0015555051024545e+00
   &ECNL [&Type "Double"]       0.0000000000000000e+00
   &EXC [&Type "Double"]      -1.9842262693998851e+01
   &EEMBED [&Type "Double"]       0.0000000000000000e+00
   &FINALEN [&Type "Double"]      -1.8280744754540186e+02  "No Van der Waals correction"
$End
$Mulliken_Population_Analysis
   &GeometryIndex 1
   &ListStatus       OUT
   &NATOMS [&Type "Integer"] 3
   &ATNO [&Type "ArrayOfIntegers", &Dim (3,1)] 
                                                         0

0                                                        6
1                                                        8
2                                                        8
   &ATOMICCHARGES [&Type "ArrayOfDoubles", &Dim (3,1)] 
                                                         0

0                                      1.0741408448135381e-01
1                                     -5.3717843638796836e-02
2                                     -5.3696240842494802e-02
$End
$Loewdin_Population_Analysis
   &GeometryIndex 1
   &ListStatus       OUT
   &NATOMS [&Type "Integer"] 3
   &ATNO [&Type "ArrayOfIntegers", &Dim (3,1)] 
                                                         0

0                                                        6
1                                                        8
2                                                        8
   &ATOMICCHARGES [&Type "ArrayOfDoubles", &Dim (3,1)] 
                                                         0

0                                     -8.1676585346659358e-01
1                                      4.0837959082078878e-01
2                                      4.0838626264588207e-01
$End
$Mayer_Population_Analysis
   &GeometryIndex 1
   &ListStatus       OUT
   &NATOMS [&Type "Integer"] 3 "Total number of atoms"
   &BONDTHRESH [&Type "Double"]       1.0000000000000001e-01  "The threshold for printing"
   &NBONDORDERSPRINT [&Type "Integer"] 3 "The number of bond orders larger than threshold"
   &BONDORDERS [&Type "ArrayOfDoubles", &Dim (3,1)] "The bond orders"
                                                         0

0                                      1.8569914962861638e+00
1                                      1.8570040022990943e+00
2                                      1.3029754772907658e+00
   &COMPONENTS [&Type "ArrayOfIntegers", &Dim (3,4)] "The indices and atomic numbers of the bonding atoms"
                                                         0                           1                           2                           3

0                                                        0                           6                           1                           8
1                                                        0                           6                           2                           8
2                                                        1                           8                           2                           8
   &ATNO [&Type "ArrayOfIntegers", &Dim (3,1)] "Atomic number of the elements"
                                                         0

0                                                        6
1                                                        8
2                                                        8
   &NA [&Type "ArrayOfDoubles", &Dim (3,1)] "Mulliken gross atomic population"
                                                         0

0                                      5.8925859155186471e+00
1                                      8.0537178436388022e+00
2                                      8.0536962408424984e+00
   &ZA [&Type "ArrayOfDoubles", &Dim (3,1)] "Total nuclear charge"
                                                         0

0                                      6.0000000000000000e+00
1                                      8.0000000000000000e+00
2                                      8.0000000000000000e+00
   &QA [&Type "ArrayOfDoubles", &Dim (3,1)] "Mulliken gross atomic charge"
                                                         0

0                                      1.0741408448135292e-01
1                                     -5.3717843638802165e-02
2                                     -5.3696240842498355e-02
   &VA [&Type "ArrayOfDoubles", &Dim (3,1)] "Mayer's total valence"
                                                         0

0                                      3.7139954985852892e+00
1                                      3.1599669735769949e+00
2                                      3.1599794795899152e+00
   &BVA [&Type "ArrayOfDoubles", &Dim (3,1)] "Mayer's bonded valence"
                                                         0

0                                      3.7139954985852581e+00
1                                      3.1599669735769296e+00
2                                      3.1599794795898601e+00
   &FA [&Type "ArrayOfDoubles", &Dim (3,1)] "Mayer's free valence"
                                                         0

0                                      0.0000000000000000e+00
1                                      0.0000000000000000e+00
2                                      0.0000000000000000e+00
$End
$SCF_Nuc_Gradient
   &GeometryIndex 1
   &ListStatus       OUT
   &NATOMS [&Type "Integer"] 3
   &ROOT [&Type "Integer"] 0
   &GRADNORM [&Type "Double"]       1.4203326189303837e+01
   &GRAD [&Type "ArrayOfDoubles", &Dim (9,1)] 
                                                         0

0                                     -2.5872088820935534e-04
1                                      1.0115155353506748e+00
2                                     -4.8508288143425886e-02
3                                     -1.0004774428216802e+01
4                                     -5.0575204459241063e-01
5                                      2.4253902213332731e-02
6                                      1.0005033149105527e+01
7                                     -5.0576349090609907e-01
8                                      2.4254385925358470e-02
$End
$SCF_Dipole_Moment
   &GeometryIndex 1
   &ListStatus       OUT
   &METHOD [&Type "String"] "SCF"
   &LEVEL [&Type "String"] "Relaxed density"
   &MULT [&Type "Integer"] 1
   &STATE [&Type "Integer"] -1
   &IRREP [&Type "Integer"] 0
   &NATOMS [&Type "Integer"] 3
   &DODIPOLEATOM [&Type "Boolean"] false
   &DIPOLEELECCONTRIB [&Type "ArrayOfDoubles", &Dim (3,1)] "Electronic contribution"
                                                         0

0                                     -1.3721155560073028e-05
1                                     -8.6127584102930380e-02
2                                      4.1302807752154093e-03
   &DIPOLENUCCONTRIB [&Type "ArrayOfDoubles", &Dim (3,1)] "Nuclear contribution"
                                                         0

0                                      1.6971801741760828e-08
1                                      3.0963292944313769e-04
2                                     -1.4848411965653896e-05
   &DIPOLETOTAL [&Type "ArrayOfDoubles", &Dim (3,1)] "Total"
                                                         0

0                                     -1.3704183758331268e-05
1                                     -8.5817951173487242e-02
2                                      4.1154323632497554e-03
   &DIPOLEMAGNITUDE [&Type "Double", &Units "a.u."]       8.5916574157470782e-02
$End
$SCF_Polarizability
   &GeometryIndex 1
   &ListStatus       OUT
   &METHOD [&Type "String"] "SCF"
   &LEVEL [&Type "String"] "Relaxed density"
   &MULT [&Type "Integer"] 1
   &STATE [&Type "Integer"] -1
   &IRREP [&Type "Integer"] 0
   &NATOMS [&Type "Integer"] 3
   &DODIPOLEATOM [&Type "Boolean"] false
   &RAWCARTESIAN [&Type "ArrayOfDoubles", &Units "a.u", &Dim (3,3)] 
                                                         0                           1                           2

0                                      8.4070614202095300e+00         1.8009796069969096e-06        -9.7844017758972062e-08
1                                      1.8009796069969096e-06         4.2156352891667606e+00        -1.9842672261333430e-03
2                                     -9.7844017758972062e-08        -1.9842672261333430e-03         4.1742579397376414e+00
   &DIAGONALIZEDTENSOR [&Type "ArrayOfDoubles", &Dim (3,1)] 
                                                         0

0                                      4.1741630012468516e+00
1                                      4.2157302276567732e+00
2                                      8.4070614202103080e+00
   &ORIENTATION [&Type "ArrayOfDoubles", &Dim (3,3)] 
                                                         0                           1                           2

0                                      2.7550143600295278e-09        -4.3031621956171366e-07        -9.9999999999990741e-01
1                                      4.7790947212580259e-02         9.9885735986893542e-01        -4.2969285823438039e-07
2                                      9.9885735986902791e-01        -4.7790947212574653e-02         2.3317086103850935e-08
   &ISOTROPICPOLAR [&Type "Double"]       5.5989848830379767e+00
$End
$THERMOCHEMISTRY_Energies
   &GeometryIndex 1
   &ListStatus       OUT
   &TEMPERATURE [&Type "Double"]       2.9814999999999998e+02
   &PRESSURE [&Type "Double"]       1.0000000000000000e+00
   &TOTALMASS [&Type "Double"]       4.4009000000000000e+01
   &SPINDEGENERACY [&Type "Integer"] 1
   &ELENERGY [&Type "Double"]      -1.8280744754540186e+02
   &TRANSENERGY [&Type "Double"]       1.4162714244859817e-03
   &ROTENERGY [&Type "Double"]       1.4162714244859817e-03
   &VIBENERGY [&Type "Double"]       1.2168758718672547e-17
   &NUMOFFREQS [&Type "Integer"] 9
   &FREQSCALINGFACTOR [&Type "Double"]       1.0000000000000000e+00
   &FREQ [&Type "ArrayOfDoubles", &Dim (9,1)] "In cm^-1"
                                                         0

0                                      0.0000000000000000e+00
1                                      0.0000000000000000e+00
2                                      0.0000000000000000e+00
3                                      0.0000000000000000e+00
4                                      0.0000000000000000e+00
5                                      0.0000000000000000e+00
6                                     -6.4690937965277972e+03
7                                      7.3677569067756976e+03
8                                      1.3990416279103756e+04
   &ZPE [&Type "Double"]       4.8657498778125467e-02
   &INNERENERGYU [&Type "Double"]      -1.8275595750377477e+02
   &ENTHALPYH [&Type "Double"]      -1.8275501329473252e+02
   &QEL [&Type "Double"]       0.0000000000000000e+00
   &QROT [&Type "Double"]       5.1575357018159825e-03
   &QVIB [&Type "Double"]      -2.5399654456972386e-11
   &QTRANS [&Type "Double"]       1.7708800485862652e-02
   &ENTROPYS [&Type "Double"]       2.2866336162278979e-02
   &FREEENERGYG [&Type "Double"]      -1.8277787963089480e+02
   &ISLINEAR [&Type "Boolean"] false
$End
$Hessian
   &GeometryIndex 1
   &ListStatus       OUT
   &HESSIAN [&Type "ArrayOfDoubles", &Dim (9,9)] "The Hessian"
                                                         0                           1                           2                           3                           4                           5                           6                           7

0                                      6.4595508017811085e+01        -4.9995497517274501e-05         2.4618533525089248e-06        -3.2297352108048138e+01        -2.4476687233850112e+00         1.1736294792463517e-01        -3.2298155909762940e+01         2.4477185814461273e+00
1                                     -4.9995497517274501e-05        -1.3686004158148917e+01        -1.2857929702338303e-02        -2.0516891654460347e+00         6.8428681610866331e+00         6.4292166227141786e-03         2.0517392983799532e+00         6.8431359970622836e+00
2                                      2.4618533525089248e-06        -1.2857929702338303e-02        -1.3955465929347977e+01         9.8422333180377228e-02         6.4285767917493910e-03         6.9775978184733365e+00        -9.8424785552101782e-02         6.4287189003065931e-03
3                                     -3.2297352108048138e+01        -2.0516891654460347e+00         9.8422333180377228e-02         3.2448966057345878e+01         2.2496803083399883e+00        -1.0789269467822411e-01        -1.5161394929773978e-01        -1.9798358754137202e-01
4                                     -2.4476687233850112e+00         6.8428681610866331e+00         6.4285767917493910e-03         2.2496803083399883e+00        -7.6452974754749281e+00        -6.8590490047245496e-03         1.9798085969244134e-01         8.0242931438829501e-01
5                                      1.1736294792463517e-01         6.4292166227141786e-03         6.9775978184733365e+00        -1.0789269467822411e-01        -6.8590490047245496e-03        -7.7889943490948941e+00        -9.4778685813578754e-03         4.3015177936567002e-04
6                                     -3.2298155909762940e+01         2.0517392983799532e+00        -9.8424785552101782e-02        -1.5161394929773978e-01         1.9798085969244134e-01        -9.4778685813578754e-03         3.2449769859060680e+01        -2.2497275759885751e+00
7                                      2.4477185814461273e+00         6.8431359970622836e+00         6.4287189003065931e-03        -1.9798358754137202e-01         8.0242931438829501e-01         4.3015177936567002e-04        -2.2497275759885751e+00        -7.6455653114505786e+00
8                                     -1.1736541925961563e-01         6.4293470899064419e-03         6.9778681108746401e+00         9.4779768327937098e-03         4.3015281561985946e-04         8.1139653062155759e-01         1.0789504828014079e-01        -6.8591852925992819e-03
                                                         8

0                                     -1.1736541925961563e-01
1                                      6.4293470899064419e-03
2                                      6.9778681108746401e+00
3                                      9.4779768327937098e-03
4                                      4.3015281561985946e-04
5                                      8.1139653062155759e-01
6                                      1.0789504828014079e-01
7                                     -6.8591852925992819e-03
8                                     -7.7892646414961977e+00
   &MODES [&Type "ArrayOfDoubles", &Dim (9,9)] "The modes of vibrations"
                                                         0                           1                           2                           3                           4                           5                           6                           7

0                                      0.0000000000000000e+00         0.0000000000000000e+00         0.0000000000000000e+00         0.0000000000000000e+00         0.0000000000000000e+00         0.0000000000000000e+00         6.9194011828540409e-08         2.2181780296385676e-06
1                                      0.0000000000000000e+00         0.0000000000000000e+00         0.0000000000000000e+00         0.0000000000000000e+00         0.0000000000000000e+00         0.0000000000000000e+00         2.4519104044808213e-01         1.6638911703324398e-02
2                                      0.0000000000000000e+00         0.0000000000000000e+00         0.0000000000000000e+00         0.0000000000000000e+00         0.0000000000000000e+00         0.0000000000000000e+00        -1.1758108486641636e-02        -7.9791712025456280e-04
3                                      0.0000000000000000e+00         0.0000000000000000e+00         0.0000000000000000e+00         0.0000000000000000e+00         0.0000000000000000e+00         0.0000000000000000e+00         1.1969066177875909e-02        -1.7637740158994708e-01
4                                      0.0000000000000000e+00         0.0000000000000000e+00         0.0000000000000000e+00         0.0000000000000000e+00         0.0000000000000000e+00         0.0000000000000000e+00        -9.2036359289934699e-02        -6.2458043489099788e-03
5                                      0.0000000000000000e+00         0.0000000000000000e+00         0.0000000000000000e+00         0.0000000000000000e+00         0.0000000000000000e+00         0.0000000000000000e+00         4.4135931700742632e-03         2.9951658318374543e-04
6                                      0.0000000000000000e+00         0.0000000000000000e+00         0.0000000000000000e+00         0.0000000000000000e+00         0.0000000000000000e+00         0.0000000000000000e+00        -1.1969118124202311e-02         1.7637573632734851e-01
7                                      0.0000000000000000e+00         0.0000000000000000e+00         0.0000000000000000e+00         0.0000000000000000e+00         0.0000000000000000e+00         0.0000000000000000e+00        -9.2036994471044908e-02        -6.2455993931132374e-03
8                                      0.0000000000000000e+00         0.0000000000000000e+00         0.0000000000000000e+00         0.0000000000000000e+00         0.0000000000000000e+00         0.0000000000000000e+00         4.4136235955393793e-03         2.9950726401782466e-04
                                                         8

0                                     -2.4590683611428749e-01
1                                      2.0478393199926264e-07
2                                     -1.0175542750366694e-08
3                                      9.2303773133183706e-02
4                                      5.7512119396368484e-03
5                                     -2.7579858181539963e-04
6                                      9.2306953072748305e-02
7                                     -5.7513656779834355e-03
8                                      2.7580622094557176e-04
$End
