*************************************************
******************* ORCA 6.0.1 ******************
*************************************************
$Calculation_Status
   &GeometryIndex 1
   &ListStatus       OUT
   &VERSION [&Type "String"] "6.0.1"
   &PROGNAME [&Type "String"] "LeanSCF"
   &STATUS [&Type "String"] "NORMAL TERMINATION"
$End
$Geometry
   &GeometryIndex 1
   &ListStatus       OUT
   &NATOMS [&Type "Integer"] 3
   &NCORELESSECP [&Type "Integer"] 0
   &NGHOSTATOMS [&Type "Integer"] 0
   &CartesianCoordinates [&Type "Coordinates", &Dim(3,4), &Units "Bohr"] 
              C      0.028132228423    0.000000036094    0.000000002646
              O      1.154153486810   -0.000000017385   -0.000000001134
              O     -1.172451825341   -0.000000018897   -0.000000001512
$End
$SCF_Energy
   &GeometryIndex 1
   &ListStatus       OUT
   &SCF_ENERGY [&Type "Double"]      -1.8272508951088119e+02
$End
$DFT_Energy
   &GeometryIndex 1
   &ListStatus       OUT
   &NALPHAEL [&Type "Integer"] 11
   &NBETAEL [&Type "Integer"] 11
   &NTOTALEL [&Type "Integer"] 22
   &EEXCHANGE [&Type "Double"]      -1.8845518798019707e+01
   &ECORR [&Type "Double"]      -1.0017090370722410e+00
   &ECNL [&Type "Double"]       0.0000000000000000e+00
   &EXC [&Type "Double"]      -1.9847227835091950e+01
   &EEMBED [&Type "Double"]       0.0000000000000000e+00
   &FINALEN [&Type "Double"]      -1.8272508951088119e+02  "No Van der Waals correction"
$End
$Mulliken_Population_Analysis
   &GeometryIndex 1
   &ListStatus       OUT
   &NATOMS [&Type "Integer"] 3
   &ATNO [&Type "ArrayOfIntegers", &Dim (3,1)] 
                                                         0

0                                                        6
1                                                        8
2                                                        8
   &ATOMICCHARGES [&Type "ArrayOfDoubles", &Dim (3,1)] 
                                                         0

0                                      1.0990687678243027e-01
1                                      4.7121754376159508e-02
2                                     -1.5702863115858001e-01
$End
$Loewdin_Population_Analysis
   &GeometryIndex 1
   &ListStatus       OUT
   &NATOMS [&Type "Integer"] 3
   &ATNO [&Type "ArrayOfIntegers", &Dim (3,1)] 
                                                         0

0                                                        6
1                                                        8
2                                                        8
   &ATOMICCHARGES [&Type "ArrayOfDoubles", &Dim (3,1)] 
                                                         0

0                                     -8.1953682424895646e-01
1                                      4.4088725450329846e-01
2                                      3.7864956974565800e-01
$End
$Mayer_Population_Analysis
   &GeometryIndex 1
   &ListStatus       OUT
   &NATOMS [&Type "Integer"] 3 "Total number of atoms"
   &BONDTHRESH [&Type "Double"]       1.0000000000000001e-01  "The threshold for printing"
   &NBONDORDERSPRINT [&Type "Integer"] 3 "The number of bond orders larger than threshold"
   &BONDORDERS [&Type "ArrayOfDoubles", &Dim (3,1)] "The bond orders"
                                                         0

0                                      1.9034052265775934e+00
1                                      1.7802616732768657e+00
2                                      1.3377844338026885e+00
   &COMPONENTS [&Type "ArrayOfIntegers", &Dim (3,4)] "The indices and atomic numbers of the bonding atoms"
                                                         0                           1                           2                           3

0                                                        0                           6                           1                           8
1                                                        0                           6                           2                           8
2                                                        1                           8                           2                           8
   &ATNO [&Type "ArrayOfIntegers", &Dim (3,1)] "Atomic number of the elements"
                                                         0

0                                                        6
1                                                        8
2                                                        8
   &NA [&Type "ArrayOfDoubles", &Dim (3,1)] "Mulliken gross atomic population"
                                                         0

0                                      5.8900931232175688e+00
1                                      7.9528782456238405e+00
2                                      8.1570286311585765e+00
   &ZA [&Type "ArrayOfDoubles", &Dim (3,1)] "Total nuclear charge"
                                                         0

0                                      6.0000000000000000e+00
1                                      8.0000000000000000e+00
2                                      8.0000000000000000e+00
   &QA [&Type "ArrayOfDoubles", &Dim (3,1)] "Mulliken gross atomic charge"
                                                         0

0                                      1.0990687678243116e-01
1                                      4.7121754376159508e-02
2                                     -1.5702863115857646e-01
   &VA [&Type "ArrayOfDoubles", &Dim (3,1)] "Mayer's total valence"
                                                         0

0                                      3.6836668998544457e+00
1                                      3.2411896603802912e+00
2                                      3.1180461070795715e+00
   &BVA [&Type "ArrayOfDoubles", &Dim (3,1)] "Mayer's bonded valence"
                                                         0

0                                      3.6836668998544591e+00
1                                      3.2411896603802819e+00
2                                      3.1180461070795542e+00
   &FA [&Type "ArrayOfDoubles", &Dim (3,1)] "Mayer's free valence"
                                                         0

0                                      0.0000000000000000e+00
1                                      0.0000000000000000e+00
2                                      0.0000000000000000e+00
$End
$SCF_Nuc_Gradient
   &GeometryIndex 1
   &ListStatus       OUT
   &NATOMS [&Type "Integer"] 3
   &ROOT [&Type "Integer"] 0
   &GRADNORM [&Type "Double"]       1.4662771886936302e+01
   &GRAD [&Type "ArrayOfDoubles", &Dim (9,1)] 
                                                         0

0                                      2.4400712785004610e+00
1                                     -7.9647616763702570e-07
2                                     -2.7091752553248634e-08
3                                     -1.1370551824422924e+01
4                                      4.5792716245668740e-07
5                                      4.0773817903657573e-08
6                                      8.9304805454285727e+00
7                                      3.3854900039777853e-07
8                                     -1.3682048153339112e-08
$End
$SCF_Dipole_Moment
   &GeometryIndex 1
   &ListStatus       OUT
   &METHOD [&Type "String"] "SCF"
   &LEVEL [&Type "String"] "Relaxed density"
   &MULT [&Type "Integer"] 1
   &STATE [&Type "Integer"] -1
   &IRREP [&Type "Integer"] 0
   &NATOMS [&Type "Integer"] 3
   &DODIPOLEATOM [&Type "Boolean"] false
   &DIPOLEELECCONTRIB [&Type "ArrayOfDoubles", &Dim (3,1)] "Electronic contribution"
                                                         0

0                                      1.2749786130350529e-01
1                                      6.9190080647321556e-08
2                                      2.3645014198006800e-09
   &DIPOLENUCCONTRIB [&Type "ArrayOfDoubles", &Dim (3,1)] "Nuclear contribution"
                                                         0

0                                     -1.5926066855520560e-04
1                                     -2.3163922292881378e-10
2                                     -1.6953174979506401e-11
   &DIPOLETOTAL [&Type "ArrayOfDoubles", &Dim (3,1)] "Total"
                                                         0

0                                      1.2733860063495009e-01
1                                      6.8958441424392742e-08
2                                      2.3475482448211736e-09
   &DIPOLEMAGNITUDE [&Type "Double", &Units "a.u."]       1.2733860063496880e-01
$End
$SCF_Polarizability
   &GeometryIndex 1
   &ListStatus       OUT
   &METHOD [&Type "String"] "SCF"
   &LEVEL [&Type "String"] "Relaxed density"
   &MULT [&Type "Integer"] 1
   &STATE [&Type "Integer"] -1
   &IRREP [&Type "Integer"] 0
   &NATOMS [&Type "Integer"] 3
   &DODIPOLEATOM [&Type "Boolean"] false
   &RAWCARTESIAN [&Type "ArrayOfDoubles", &Units "a.u", &Dim (3,3)] 
                                                         0                           1                           2

0                                      8.3972191104170051e+00         1.9839375122503269e-08        -4.8510112849016928e-08
1                                      1.9839375122503269e-08         4.1716951800107864e+00        -1.6396622590522258e-09
2                                     -4.8510112849016928e-08        -1.6396622590522258e-09         4.1716951848574526e+00
   &DIAGONALIZEDTENSOR [&Type "ArrayOfDoubles", &Dim (3,1)] 
                                                         0

0                                      4.1716951795081956e+00
1                                      4.1716951853600435e+00
2                                      8.3972191104170069e+00
   &ORIENTATION [&Type "ArrayOfDoubles", &Dim (3,3)] 
                                                         0                           1                           2

0                                      1.1245392946508295e-09         1.2352166017901358e-08         1.0000000000000000e+00
1                                     -9.5609311225215143e-01        -2.9306306608645649e-01         4.6951279530915713e-09
2                                     -2.9306306608645649e-01         9.5609311225215154e-01        -1.1480259909237734e-08
   &ISOTROPICPOLAR [&Type "Double"]       5.5802031584284153e+00
$End
$THERMOCHEMISTRY_Energies
   &GeometryIndex 1
   &ListStatus       OUT
   &TEMPERATURE [&Type "Double"]       2.9814999999999998e+02
   &PRESSURE [&Type "Double"]       1.0000000000000000e+00
   &TOTALMASS [&Type "Double"]       4.4009000000000000e+01
   &SPINDEGENERACY [&Type "Integer"] 1
   &ELENERGY [&Type "Double"]      -1.8272508951088119e+02
   &TRANSENERGY [&Type "Double"]       1.4162714244859817e-03
   &ROTENERGY [&Type "Double"]       9.4418094965732118e-04
   &VIBENERGY [&Type "Double"]       1.4535299201863502e-17
   &NUMOFFREQS [&Type "Integer"] 9
   &FREQSCALINGFACTOR [&Type "Double"]       1.0000000000000000e+00
   &FREQ [&Type "ArrayOfDoubles", &Dim (9,1)] "In cm^-1"
                                                         0

0                                      0.0000000000000000e+00
1                                      0.0000000000000000e+00
2                                      0.0000000000000000e+00
3                                      0.0000000000000000e+00
4                                      0.0000000000000000e+00
5                                     -6.5853050118902238e+03
6                                     -6.5853050054600571e+03
7                                      7.3298618363359210e+03
8                                      1.4131629764203348e+04
   &ZPE [&Type "Double"]       4.8892875445938594e-02
   &INNERENERGYU [&Type "Double"]      -1.8267383618306110e+02
   &ENTHALPYH [&Type "Double"]      -1.8267289197401885e+02
   &QEL [&Type "Double"]       0.0000000000000000e+00
   &QROT [&Type "Double"]       5.6694494771491067e-03
   &QVIB [&Type "Double"]      -2.5703164190934059e-11
   &QTRANS [&Type "Double"]       1.7708800485862652e-02
   &ENTROPYS [&Type "Double"]       2.3378249937308592e-02
   &FREEENERGYG [&Type "Double"]      -1.8269627022395616e+02
   &ISLINEAR [&Type "Boolean"] true
$End
$Hessian
   &GeometryIndex 1
   &ListStatus       OUT
   &HESSIAN [&Type "ArrayOfDoubles", &Dim (9,9)] "The Hessian"
                                                         0                           1                           2                           3                           4                           5                           6                           7

0                                      6.5673894320890497e+01        -4.7773355556083286e-07        -1.5533634959307442e-07        -3.6627615334564410e+01         2.1091279313707993e-06         1.7458144192854677e-07        -2.9046278986326094e+01        -1.6584442497126166e-06
1                                     -4.7773355556083286e-07        -1.4290374640313249e+01        -1.3501739634374212e-08         1.8528394767102563e-06         8.4234536948443335e+00         1.7056904594698965e-08        -1.3480560472467733e-06         5.8669209454689160e+00
2                                     -1.5533634959307442e-07        -1.3501739634374212e-08        -1.4290374642185913e+01         9.1756490375364922e-08         1.7453637180162821e-08         8.4234537534865215e+00         8.9993167193443003e-08        -3.9342563435669350e-09
3                                     -3.6627615334564410e+01         1.8528394767102563e-06         9.1756490375364922e-08         3.6774300347733622e+01        -2.0466150972425505e-06        -5.6905888475159878e-08        -1.4668501316921242e-01         1.5776881601755069e-07
4                                      2.1091279313707993e-06         8.4234536948443335e+00         1.7453637180162821e-08        -2.0466150972425505e-06        -9.2341870776532478e+00         1.0784123415904870e-08        -2.6506029613504996e-08         8.1073338280891372e-01
5                                      1.7458144192854677e-07         1.7056904594698965e-08         8.4234537534865215e+00        -5.6905888475159878e-08         1.0784123415904870e-08        -9.2341871874394812e+00        -1.3642219966971786e-07        -2.7858931452193624e-08
6                                     -2.9046278986326094e+01        -1.3480560472467733e-06         8.9993167193443003e-08        -1.4668501316921242e-01        -2.6506029613504996e-08        -1.3642219966971786e-07         2.9192963999495305e+01         1.4376187552776722e-06
7                                     -1.6584442497126166e-06         5.8669209454689160e+00        -3.9342563435669350e-09         1.5776881601755069e-07         8.1073338280891372e-01        -2.7858931452193624e-08         1.4376187552776722e-06        -6.6776543282778293e+00
8                                     -4.5658400311205860e-08        -3.5728061625464259e-09         5.8669208886993927e+00        -1.6103955683874078e-08        -2.8219857154477903e-08         8.1073343395295971e-01         5.4095694235677400e-08         3.1792925556392443e-08
                                                         8

0                                     -4.5658400311205860e-08
1                                     -3.5728061625464259e-09
2                                      5.8669208886993927e+00
3                                     -1.6103955683874078e-08
4                                     -2.8219857154477903e-08
5                                      8.1073343395295971e-01
6                                      5.4095694235677400e-08
7                                      3.1792925556392443e-08
8                                     -6.6776543226523524e+00
   &MODES [&Type "ArrayOfDoubles", &Dim (9,9)] "The modes of vibrations"
                                                         0                           1                           2                           3                           4                           5                           6                           7

0                                      0.0000000000000000e+00         0.0000000000000000e+00         0.0000000000000000e+00         0.0000000000000000e+00         0.0000000000000000e+00        -9.2126423617205064e-10        -3.2759963903980697e-10        -2.0267245063346404e-02
1                                      0.0000000000000000e+00         0.0000000000000000e+00         0.0000000000000000e+00         0.0000000000000000e+00         0.0000000000000000e+00        -1.6135629057956660e-01        -1.8569214688404459e-01        -1.2620515463191325e-08
2                                      0.0000000000000000e+00         0.0000000000000000e+00         0.0000000000000000e+00         0.0000000000000000e+00         0.0000000000000000e+00        -1.8569214688404484e-01         1.6135629057956680e-01         1.0551889205832000e-10
3                                      0.0000000000000000e+00         0.0000000000000000e+00         0.0000000000000000e+00         0.0000000000000000e+00         0.0000000000000000e+00         6.3062052223629035e-09         7.0562021628540835e-09        -1.6857375428778101e-01
4                                      0.0000000000000000e+00         0.0000000000000000e+00         0.0000000000000000e+00         0.0000000000000000e+00         0.0000000000000000e+00         6.2508932931099215e-02         7.1936569152120045e-02         4.4199879835694885e-09
5                                      0.0000000000000000e+00         0.0000000000000000e+00         0.0000000000000000e+00         0.0000000000000000e+00         0.0000000000000000e+00         7.1936569152120169e-02        -6.2508932931099326e-02        -9.5449780924437064e-11
6                                      0.0000000000000000e+00         0.0000000000000000e+00         0.0000000000000000e+00         0.0000000000000000e+00         0.0000000000000000e+00        -5.6145804305830398e-09        -6.8102618728837665e-09         1.8378907277367723e-01
7                                      0.0000000000000000e+00         0.0000000000000000e+00         0.0000000000000000e+00         0.0000000000000000e+00         0.0000000000000000e+00         5.8626788435934551e-02         6.7468917204793394e-02         5.0546673855608786e-09
8                                      0.0000000000000000e+00         0.0000000000000000e+00         0.0000000000000000e+00         0.0000000000000000e+00         0.0000000000000000e+00         6.7468917204793477e-02        -5.8626788435934614e-02         1.6233129456707333e-11
                                                         8

0                                      2.4520119955533506e-01
1                                     -1.7968500659950090e-09
2                                     -4.6601328244602555e-10
3                                     -1.0660286554238650e-01
4                                      4.9777154178979760e-09
5                                      4.9214828870476051e-10
6                                     -7.7478115010093579e-02
7                                     -3.6287582221819876e-09
8                                     -1.4229606706055893e-10
$End
