
$orca_hessian_file

$act_atom
  0

$act_coord
  0

$act_energy
        0.000000

$multiplicity
  1

$hessian
9
                    0                  1                  2                  3                  4        
    0      6.5673903795E+01  -4.7779093495E-07  -1.5468195938E-07  -3.6627620700E+01   2.1087759394E-06
    1     -4.7779093495E-07  -1.4290371129E+01  -1.3556364947E-08   1.8524655962E-06   8.4234518482E+00
    2     -1.5468195938E-07  -1.3556364947E-08  -1.4290371130E+01   9.1648584143E-08   1.7477613819E-08
    3     -3.6627620700E+01   1.8524655962E-06   9.1648584143E-08   3.6774305072E+01  -2.0463251168E-06
    4      2.1087759394E-06   8.4234518482E+00   1.7477613819E-08  -2.0463251168E-06  -9.2341867114E+00
    5      1.7412799375E-07   1.7041389127E-08   8.4234519068E+00  -5.6805022888E-08   1.0785357758E-08
    6     -2.9046283095E+01  -1.3476126095E-06   8.9521445879E-08  -1.4668437253E-01  -2.6449707242E-08
    7     -1.6580470563E-06   5.8669192804E+00  -3.9036268288E-09   1.5785840525E-07   8.1073486323E-01
    8     -4.5934105015E-08  -3.5026462220E-09   5.8669192236E+00  -1.6063374745E-08  -2.8245214964E-08
                    5                  6                  7                  8        
     0      1.7412799375E-07  -2.9046283095E+01  -1.6580470563E-06  -4.5934105015E-08
     1      1.7041389127E-08  -1.3476126095E-06   5.8669192804E+00  -3.5026462220E-09
     2      8.4234519068E+00   8.9521445879E-08  -3.9036268288E-09   5.8669192236E+00
     3     -5.6805022888E-08  -1.4668437253E-01   1.5785840525E-07  -1.6063374745E-08
     4      1.0785357758E-08  -2.6449707242E-08   8.1073486323E-01  -2.8245214964E-08
     5     -9.2341868212E+00  -1.3610315737E-07  -2.7844503497E-08   8.1073491437E-01
     6     -1.3610315737E-07   2.9192967468E+01   1.4371254839E-06   5.4289595628E-08
     7     -2.7844503497E-08   1.4371254839E-06  -6.6776541437E+00   3.1747995756E-08
     8      8.1073491437E-01   5.4289595628E-08   3.1747995756E-08  -6.6776541380E+00

$vibrational_frequencies
9
    0        0.0000000000000000
    1        0.0000000000000000
    2        0.0000000000000000
    3        0.0000000000000000
    4        0.0000000000000000
    5    -6585.3042046784612467
    6    -6585.3041982261320300
    7     7329.8622140449087965
    8    14131.6307844812490657

$normal_modes
9 9
                    0                  1                  2                  3                  4        
    0      0.0000000000E+00   0.0000000000E+00   0.0000000000E+00   0.0000000000E+00   0.0000000000E+00
    1      0.0000000000E+00   0.0000000000E+00   0.0000000000E+00   0.0000000000E+00   0.0000000000E+00
    2      0.0000000000E+00   0.0000000000E+00   0.0000000000E+00   0.0000000000E+00   0.0000000000E+00
    3      0.0000000000E+00   0.0000000000E+00   0.0000000000E+00   0.0000000000E+00   0.0000000000E+00
    4      0.0000000000E+00   0.0000000000E+00   0.0000000000E+00   0.0000000000E+00   0.0000000000E+00
    5      0.0000000000E+00   0.0000000000E+00   0.0000000000E+00   0.0000000000E+00   0.0000000000E+00
    6      0.0000000000E+00   0.0000000000E+00   0.0000000000E+00   0.0000000000E+00   0.0000000000E+00
    7      0.0000000000E+00   0.0000000000E+00   0.0000000000E+00   0.0000000000E+00   0.0000000000E+00
    8      0.0000000000E+00   0.0000000000E+00   0.0000000000E+00   0.0000000000E+00   0.0000000000E+00
                    5                  6                  7                  8        
     0     -3.3042759925E-09  -1.1767584964E-09  -8.1000130660E-02   8.8084180361E-01
     1     -5.8031574809E-01  -6.6574001269E-01  -5.0426079261E-08  -6.4550362391E-09
     2     -6.6574001269E-01   5.8031574809E-01   4.1421662027E-10  -1.6670528406E-09
     3      2.2674993258E-08   2.5289722317E-08  -6.7372235308E-01  -3.8295188035E-01
     4      2.2481254400E-01   2.5790564256E-01   1.7659858233E-08   1.7881625766E-08
     5      2.5790564256E-01  -2.2481254400E-01  -3.7856920445E-10   1.7652369820E-09
     6     -2.0194359466E-08  -2.4406289289E-08   7.3453193926E-01  -2.7832638099E-01
     7      2.1085046308E-01   2.4188830034E-01   2.0196735184E-08  -1.3035607867E-08
     8      2.4188830034E-01  -2.1085046308E-01   6.7602589492E-11  -5.1372296030E-10

#
# The atoms: label  mass x y z (in bohrs)
#
$atoms
3
 C     12.01100      0.027106504652     0.000000039433     0.000000002885
 O     15.99900      1.153127763039    -0.000000014046    -0.000000000894
 O     15.99900     -1.173477549112    -0.000000015558    -0.000000001272

$actual_temperature
  0.000000

$frequency_scale_factor
  1.000000

$dipole_derivatives
9
    3.3902929956E+00    1.1213427671E-08   -2.3430816654E-08
    6.9461491935E-09    1.1857227245E+00   -7.7527843286E-10
   -1.6832755562E-08   -6.8641464827E-10    1.1857227236E+00
   -1.6563078806E+00   -4.9478021071E-08    1.5103527225E-08
    4.5948765142E-08   -5.5716130731E-01    2.9654376430E-10
    8.1212398372E-09    2.1560085180E-10   -5.5716130707E-01
   -1.7340149922E+00    3.8268079393E-08    8.3163487325E-09
   -7.3134232353E-08   -6.2835155198E-01    4.9486917283E-10
    8.3747233641E-09    4.6163441905E-10   -6.2835155123E-01

#
# The IR spectrum
#  wavenumber eps Int TX TY TZ
#
$ir_spectrum
9
      0.00   0.00000000   0.00000000     0.000000     0.000000     0.000000
      0.00   0.00000000   0.00000000     0.000000     0.000000     0.000000
      0.00   0.00000000   0.00000000     0.000000     0.000000     0.000000
      0.00   0.00000000   0.00000000     0.000000     0.000000     0.000000
      0.00   0.00000000   0.00000000     0.000000     0.000000     0.000000
  -6585.30   0.00000000   0.00000000     0.000000     0.000000     0.000000
  -6585.30   0.00000000   0.00000000     0.000000     0.000000     0.000000
   7329.86   0.00225821  11.41207381    -0.009805    -0.000000    -0.000000
  14131.63   0.25168087 1271.89194577     0.074550     0.000000    -0.000000


$end

