
$orca_hessian_file

$act_atom
  0

$act_coord
  0

$act_energy
        0.000000

$multiplicity
  1

$hessian
9
                    0                  1                  2                  3                  4        
    0      6.5673894321E+01  -4.7773355556E-07  -1.5533634959E-07  -3.6627615335E+01   2.1091279314E-06
    1     -4.7773355556E-07  -1.4290374640E+01  -1.3501739634E-08   1.8528394767E-06   8.4234536948E+00
    2     -1.5533634959E-07  -1.3501739634E-08  -1.4290374642E+01   9.1756490375E-08   1.7453637180E-08
    3     -3.6627615335E+01   1.8528394767E-06   9.1756490375E-08   3.6774300348E+01  -2.0466150972E-06
    4      2.1091279314E-06   8.4234536948E+00   1.7453637180E-08  -2.0466150972E-06  -9.2341870777E+00
    5      1.7458144193E-07   1.7056904595E-08   8.4234537535E+00  -5.6905888475E-08   1.0784123416E-08
    6     -2.9046278986E+01  -1.3480560472E-06   8.9993167193E-08  -1.4668501317E-01  -2.6506029614E-08
    7     -1.6584442497E-06   5.8669209455E+00  -3.9342563436E-09   1.5776881602E-07   8.1073338281E-01
    8     -4.5658400311E-08  -3.5728061625E-09   5.8669208887E+00  -1.6103955684E-08  -2.8219857154E-08
                    5                  6                  7                  8        
     0      1.7458144193E-07  -2.9046278986E+01  -1.6584442497E-06  -4.5658400311E-08
     1      1.7056904595E-08  -1.3480560472E-06   5.8669209455E+00  -3.5728061625E-09
     2      8.4234537535E+00   8.9993167193E-08  -3.9342563436E-09   5.8669208887E+00
     3     -5.6905888475E-08  -1.4668501317E-01   1.5776881602E-07  -1.6103955684E-08
     4      1.0784123416E-08  -2.6506029614E-08   8.1073338281E-01  -2.8219857154E-08
     5     -9.2341871874E+00  -1.3642219967E-07  -2.7858931452E-08   8.1073343395E-01
     6     -1.3642219967E-07   2.9192963999E+01   1.4376187553E-06   5.4095694236E-08
     7     -2.7858931452E-08   1.4376187553E-06  -6.6776543283E+00   3.1792925556E-08
     8      8.1073343395E-01   5.4095694236E-08   3.1792925556E-08  -6.6776543227E+00

$vibrational_frequencies
9
    0        0.0000000000000000
    1        0.0000000000000000
    2        0.0000000000000000
    3        0.0000000000000000
    4        0.0000000000000000
    5    -6585.3050118902237955
    6    -6585.3050054600571457
    7     7329.8618363359209980
    8    14131.6297642033478041

$normal_modes
9 9
                    0                  1                  2                  3                  4        
    0      0.0000000000E+00   0.0000000000E+00   0.0000000000E+00   0.0000000000E+00   0.0000000000E+00
    1      0.0000000000E+00   0.0000000000E+00   0.0000000000E+00   0.0000000000E+00   0.0000000000E+00
    2      0.0000000000E+00   0.0000000000E+00   0.0000000000E+00   0.0000000000E+00   0.0000000000E+00
    3      0.0000000000E+00   0.0000000000E+00   0.0000000000E+00   0.0000000000E+00   0.0000000000E+00
    4      0.0000000000E+00   0.0000000000E+00   0.0000000000E+00   0.0000000000E+00   0.0000000000E+00
    5      0.0000000000E+00   0.0000000000E+00   0.0000000000E+00   0.0000000000E+00   0.0000000000E+00
    6      0.0000000000E+00   0.0000000000E+00   0.0000000000E+00   0.0000000000E+00   0.0000000000E+00
    7      0.0000000000E+00   0.0000000000E+00   0.0000000000E+00   0.0000000000E+00   0.0000000000E+00
    8      0.0000000000E+00   0.0000000000E+00   0.0000000000E+00   0.0000000000E+00   0.0000000000E+00
                    5                  6                  7                  8        
     0     -3.3073841813E-09  -1.1760989100E-09  -8.1000130161E-02   8.8084180364E-01
     1     -5.7927706522E-01  -6.6664399321E-01  -5.0439188554E-08  -6.4548650491E-09
     2     -6.6664399321E-01   5.7927706522E-01   4.2171710879E-10  -1.6740700330E-09
     3      2.2639588706E-08   2.5332114824E-08  -6.7372235330E-01  -3.8295188004E-01
     4      2.2441016144E-01   2.5825584184E-01   1.7664936742E-08   1.7881559449E-08
     5      2.5825584184E-01  -2.2441016144E-01  -3.8147487014E-10   1.7679554059E-09
     6     -2.0156621490E-08  -2.4449177017E-08   7.3453193911E-01  -2.7832638132E-01
     7      2.1047307066E-01   2.4221675035E-01   2.0201498273E-08  -1.3035670067E-08
     8      2.4221675035E-01  -2.1047307066E-01   6.4877372075E-11  -5.1117337349E-10

#
# The atoms: label  mass x y z (in bohrs)
#
$atoms
3
 C     12.01100      0.027106504652     0.000000039433     0.000000002885
 O     15.99900      1.153127763039    -0.000000014046    -0.000000000894
 O     15.99900     -1.173477549112    -0.000000015558    -0.000000001272

$actual_temperature
  0.000000

$frequency_scale_factor
  1.000000

$dipole_derivatives
9
    3.3902918301E+00    1.1490261722E-08   -2.3300934082E-08
    7.5255945803E-09    1.1857223252E+00   -7.3911230341E-10
   -1.7734334007E-08   -7.5254475054E-10    1.1857223243E+00
   -1.6563073270E+00   -4.9695771742E-08    1.4890413105E-08
    4.6032275432E-08   -5.5716110504E-01    3.2309412196E-10
    8.4451949575E-09    2.1700093614E-10   -5.5716110485E-01
   -1.7340143801E+00    3.8209000796E-08    8.3996017864E-09
   -7.3763295915E-08   -6.2835135516E-01    4.3192446431E-10
    9.1556838906E-09    5.2648602581E-10   -6.2835135440E-01

#
# The IR spectrum
#  wavenumber eps Int TX TY TZ
#
$ir_spectrum
9
      0.00   0.00000000   0.00000000     0.000000     0.000000     0.000000
      0.00   0.00000000   0.00000000     0.000000     0.000000     0.000000
      0.00   0.00000000   0.00000000     0.000000     0.000000     0.000000
      0.00   0.00000000   0.00000000     0.000000     0.000000     0.000000
      0.00   0.00000000   0.00000000     0.000000     0.000000     0.000000
  -6585.31   0.00000000   0.00000000     0.000000     0.000000     0.000000
  -6585.31   0.00000000   0.00000000     0.000000     0.000000     0.000000
   7329.86   0.00225821  11.41206467    -0.009805    -0.000000    -0.000000
  14131.63   0.25168069 1271.89107243     0.074550     0.000000    -0.000000


$end

