
$orca_hessian_file

$act_atom
  0

$act_coord
  0

$act_energy
        0.000000

$multiplicity
  1

$hessian
9
                    0                  1                  2                  3                  4        
    0      6.5673835238E+01  -4.7857288614E-07  -1.5735884226E-07  -3.6627605368E+01   2.1107756230E-06
    1     -4.7857288614E-07  -1.4290422427E+01  -1.2798940669E-08   1.8539725274E-06   8.4234697655E+00
    2     -1.5735884226E-07  -1.2798940669E-08  -1.4290422430E+01   9.2157998798E-08   1.7118449722E-08
    3     -3.6627605368E+01   1.8539725274E-06   9.2157998798E-08   3.6774301140E+01  -2.0471588859E-06
    4      2.1107756230E-06   8.4234697655E+00   1.7118449722E-08  -2.0471588859E-06  -9.2341875852E+00
    5      1.7711584039E-07   1.7100179594E-08   8.4234698240E+00  -5.7258022919E-08   1.0861507162E-08
    6     -2.9046229870E+01  -1.3483620789E-06   9.1196301017E-08  -1.4669577203E-01  -2.7590329480E-08
    7     -1.6592402993E-06   5.8669526617E+00  -4.3019179960E-09   1.5715995084E-07   8.1071781970E-01
    8     -4.5752455694E-08  -4.3188299827E-09   5.8669526057E+00  -1.6332255533E-08  -2.7962188784E-08
                    5                  6                  7                  8        
     0      1.7711584039E-07  -2.9046229870E+01  -1.6592402993E-06  -4.5752455694E-08
     1      1.7100179594E-08  -1.3483620789E-06   5.8669526617E+00  -4.3188299827E-09
     2      8.4234698240E+00   9.1196301017E-08  -4.3019179960E-09   5.8669526057E+00
     3     -5.7258022919E-08  -1.4669577203E-01   1.5715995084E-07  -1.6332255533E-08
     4      1.0861507162E-08  -2.7590329480E-08   8.1071781970E-01  -2.7962188784E-08
     5     -9.2341876948E+00  -1.3842553782E-07  -2.7979454855E-08   8.1071787077E-01
     6     -1.3842553782E-07   2.9192925643E+01   1.4390163784E-06   5.4656974014E-08
     7     -2.7979454855E-08   1.4390163784E-06  -6.6776704814E+00   3.2281195809E-08
     8      8.1071787077E-01   5.4656974014E-08   3.2281195809E-08  -6.6776704764E+00

$vibrational_frequencies
9
    0        0.0000000000000000
    1        0.0000000000000000
    2        0.0000000000000000
    3        0.0000000000000000
    4        0.0000000000000000
    5    -6585.3159239139313286
    6    -6585.3159177777597506
    7     7329.8601626697236497
    8    14131.6238382759511296

$normal_modes
9 9
                    0                  1                  2                  3                  4        
    0      0.0000000000E+00   0.0000000000E+00   0.0000000000E+00   0.0000000000E+00   0.0000000000E+00
    1      0.0000000000E+00   0.0000000000E+00   0.0000000000E+00   0.0000000000E+00   0.0000000000E+00
    2      0.0000000000E+00   0.0000000000E+00   0.0000000000E+00   0.0000000000E+00   0.0000000000E+00
    3      0.0000000000E+00   0.0000000000E+00   0.0000000000E+00   0.0000000000E+00   0.0000000000E+00
    4      0.0000000000E+00   0.0000000000E+00   0.0000000000E+00   0.0000000000E+00   0.0000000000E+00
    5      0.0000000000E+00   0.0000000000E+00   0.0000000000E+00   0.0000000000E+00   0.0000000000E+00
    6      0.0000000000E+00   0.0000000000E+00   0.0000000000E+00   0.0000000000E+00   0.0000000000E+00
    7      0.0000000000E+00   0.0000000000E+00   0.0000000000E+00   0.0000000000E+00   0.0000000000E+00
    8      0.0000000000E+00   0.0000000000E+00   0.0000000000E+00   0.0000000000E+00   0.0000000000E+00
                    5                  6                  7                  8        
     0     -3.3126987193E-09  -1.2170920888E-09  -8.1000630358E-02   8.8084177361E-01
     1     -5.6921036605E-01  -6.7525972126E-01  -5.0459658963E-08  -6.4649854530E-09
     2     -6.7525972126E-01   5.6921036605E-01   4.4026842777E-10  -1.6960964006E-09
     3      2.2266492855E-08   2.5683111221E-08  -6.7372212867E-01  -3.8295219277E-01
     4      2.2051035301E-01   2.6159354851E-01   1.7672858186E-08   1.7885479325E-08
     5      2.6159354851E-01  -2.2051035301E-01  -3.8866222342E-10   1.7764883113E-09
     6     -1.9779535755E-08  -2.4769398384E-08   7.3453208999E-01  -2.7832604605E-01
     7      2.0681546153E-01   2.4534716729E-01   2.0208944670E-08  -1.3031992209E-08
     8      2.4534716729E-01  -2.0681546153E-01   5.8137618569E-11  -5.0317025189E-10

#
# The atoms: label  mass x y z (in bohrs)
#
$atoms
3
 C     12.01100      0.027106504652     0.000000039433     0.000000002885
 O     15.99900      1.153127763039    -0.000000014046    -0.000000000894
 O     15.99900     -1.173477549112    -0.000000015558    -0.000000001272

$actual_temperature
  0.000000

$frequency_scale_factor
  1.000000

$dipole_derivatives
9
    3.3902815742E+00    1.1803485160E-08   -2.2089983766E-08
    9.8565603378E-09    1.1857265424E+00   -8.5711689803E-10
   -2.0429944114E-08   -8.6509185826E-10    1.1857265417E+00
   -1.6562866733E+00   -5.0086422124E-08    1.3510340639E-08
    4.6258396616E-08   -5.5716880600E-01    3.8591696298E-10
    9.0000507449E-09    3.4982638722E-10   -5.5716880603E-01
   -1.7340247758E+00    3.8286069089E-08    8.5687049202E-09
   -7.6279288889E-08   -6.2834787122E-01    4.8706694170E-10
    1.2430931650E-08    5.0491031470E-10   -6.2834787048E-01

#
# The IR spectrum
#  wavenumber eps Int TX TY TZ
#
$ir_spectrum
9
      0.00   0.00000000   0.00000000     0.000000     0.000000     0.000000
      0.00   0.00000000   0.00000000     0.000000     0.000000     0.000000
      0.00   0.00000000   0.00000000     0.000000     0.000000     0.000000
      0.00   0.00000000   0.00000000     0.000000     0.000000     0.000000
      0.00   0.00000000   0.00000000     0.000000     0.000000     0.000000
  -6585.32   0.00000000   0.00000000     0.000000     0.000000     0.000000
  -6585.32   0.00000000   0.00000000     0.000000     0.000000     0.000000
   7329.86   0.00225845  11.41328156    -0.009806    -0.000000    -0.000000
  14131.62   0.25167895 1271.88223908     0.074550     0.000000    -0.000000


$end

