*************************************************
******************* ORCA 6.0.1 ******************
*************************************************
$Calculation_Status
   &GeometryIndex 1
   &ListStatus       OUT
   &VERSION [&Type "String"] "6.0.1"
   &PROGNAME [&Type "String"] "LeanSCF"
   &STATUS [&Type "String"] "NORMAL TERMINATION"
$End
$Geometry
   &GeometryIndex 1
   &ListStatus       OUT
   &NATOMS [&Type "Integer"] 3
   &NCORELESSECP [&Type "Integer"] 0
   &NGHOSTATOMS [&Type "Integer"] 0
   &CartesianCoordinates [&Type "Coordinates", &Dim(3,4), &Units "Bohr"] 
              C      0.028132228423    0.000000036094    0.000000002646
              O      1.154153486810   -0.000000017385   -0.000000001134
              O     -1.172451825341   -0.000000018897   -0.000000001512
$End
$SCF_Energy
   &GeometryIndex 1
   &ListStatus       OUT
   &SCF_ENERGY [&Type "Double"]      -1.8272508951088699e+02
$End
$DFT_Energy
   &GeometryIndex 1
   &ListStatus       OUT
   &NALPHAEL [&Type "Integer"] 11
   &NBETAEL [&Type "Integer"] 11
   &NTOTALEL [&Type "Integer"] 22
   &EEXCHANGE [&Type "Double"]      -1.8845519444316881e+01
   &ECORR [&Type "Double"]      -1.0017090553150290e+00
   &ECNL [&Type "Double"]       0.0000000000000000e+00
   &EXC [&Type "Double"]      -1.9847228499631910e+01
   &EEMBED [&Type "Double"]       0.0000000000000000e+00
   &FINALEN [&Type "Double"]      -1.8272508951088699e+02  "No Van der Waals correction"
$End
$Mulliken_Population_Analysis
   &GeometryIndex 1
   &ListStatus       OUT
   &NATOMS [&Type "Integer"] 3
   &ATNO [&Type "ArrayOfIntegers", &Dim (3,1)] 
                                                         0

0                                                        6
1                                                        8
2                                                        8
   &ATOMICCHARGES [&Type "ArrayOfDoubles", &Dim (3,1)] 
                                                         0

0                                      4.0547097684909439e-01
1                                      4.1055868952895291e-01
2                                      1.8397033362194992e-01
$End
$Loewdin_Population_Analysis
   &GeometryIndex 1
   &ListStatus       OUT
   &NATOMS [&Type "Integer"] 3
   &ATNO [&Type "ArrayOfIntegers", &Dim (3,1)] 
                                                         0

0                                                        6
1                                                        8
2                                                        8
   &ATOMICCHARGES [&Type "ArrayOfDoubles", &Dim (3,1)] 
                                                         0

0                                      4.2650901226152282e-01
1                                      3.6582267598586254e-01
2                                      2.0766831175253647e-01
$End
$Mayer_Population_Analysis
   &GeometryIndex 1
   &ListStatus       OUT
   &NATOMS [&Type "Integer"] 3 "Total number of atoms"
   &BONDTHRESH [&Type "Double"]       1.0000000000000001e-01  "The threshold for printing"
   &NBONDORDERSPRINT [&Type "Integer"] 3 "The number of bond orders larger than threshold"
   &BONDORDERS [&Type "ArrayOfDoubles", &Dim (3,1)] "The bond orders"
                                                         0

0                                      1.9034053358822323e+00
1                                      1.7802617612246709e+00
2                                      1.3377844980643712e+00
   &COMPONENTS [&Type "ArrayOfIntegers", &Dim (3,4)] "The indices and atomic numbers of the bonding atoms"
                                                         0                           1                           2                           3

0                                                        0                           6                           1                           8
1                                                        0                           6                           2                           8
2                                                        1                           8                           2                           8
   &ATNO [&Type "ArrayOfIntegers", &Dim (3,1)] "Atomic number of the elements"
                                                         0

0                                                        6
1                                                        8
2                                                        8
   &NA [&Type "ArrayOfDoubles", &Dim (3,1)] "Mulliken gross atomic population"
                                                         0

0                                      5.8900932902323362e+00
1                                      7.9528781554292136e+00
2                                      8.1570285543384315e+00
   &ZA [&Type "ArrayOfDoubles", &Dim (3,1)] "Total nuclear charge"
                                                         0

0                                      6.0000000000000000e+00
1                                      8.0000000000000000e+00
2                                      8.0000000000000000e+00
   &QA [&Type "ArrayOfDoubles", &Dim (3,1)] "Mulliken gross atomic charge"
                                                         0

0                                      1.0990670976766381e-01
1                                      4.7121844570786386e-02
2                                     -1.5702855433843155e-01
   &VA [&Type "ArrayOfDoubles", &Dim (3,1)] "Mayer's total valence"
                                                         0

0                                      3.6836670971068939e+00
1                                      3.2411898339466187e+00
2                                      3.1180462592890765e+00
   &BVA [&Type "ArrayOfDoubles", &Dim (3,1)] "Mayer's bonded valence"
                                                         0

0                                      3.6836670971069032e+00
1                                      3.2411898339466036e+00
2                                      3.1180462592890423e+00
   &FA [&Type "ArrayOfDoubles", &Dim (3,1)] "Mayer's free valence"
                                                         0

0                                      0.0000000000000000e+00
1                                      0.0000000000000000e+00
2                                      0.0000000000000000e+00
$End
$Calculation_Info
   &GeometryIndex 1
   &ListStatus       OUT
   &MULT [&Type "Integer"] 1
   &CHARGE [&Type "Integer"] 0
   &NUMOFATOMS [&Type "Integer"] 3
   &NUMOFELECTRONS [&Type "Integer"] 22
   &NUMOFFCELECTRONS [&Type "Integer"] 1
   &NUMOFCORRELECTRONS [&Type "Integer"] 0
   &NUMOFBASISFUNCTS [&Type "Integer"] 42
   &NUMOFAUXCBASISFUNCTS [&Type "Integer"] 0
   &NUMOFAUXJBASISFUNCTS [&Type "Integer"] 147
   &NUMOFAUXJKBASISFUNCTS [&Type "Integer"] 0
   &NUMOFCABSBASISFUNCTS [&Type "Integer"] 0
   &TOTALENERGY [&Type "Double"]      -1.8272508951088699e+02  "Hartrees"
$End
$SCF_Dipole_Moment
   &GeometryIndex 1
   &ListStatus       OUT
   &METHOD [&Type "String"] "SCF"
   &LEVEL [&Type "String"] "Relaxed density"
   &MULT [&Type "Integer"] 1
   &STATE [&Type "Integer"] -1
   &IRREP [&Type "Integer"] 0
   &NATOMS [&Type "Integer"] 3
   &DODIPOLEATOM [&Type "Boolean"] false
   &DIPOLEELECCONTRIB [&Type "ArrayOfDoubles", &Dim (3,1)] "Electronic contribution"
                                                         0

0                                      1.2749788952797289e-01
1                                      6.8969793949856267e-08
2                                      2.4248882500848490e-09
   &DIPOLENUCCONTRIB [&Type "ArrayOfDoubles", &Dim (3,1)] "Nuclear contribution"
                                                         0

0                                     -1.5926066855520560e-04
1                                     -2.3163922292881378e-10
2                                     -1.6953174979506401e-11
   &DIPOLETOTAL [&Type "ArrayOfDoubles", &Dim (3,1)] "Total"
                                                         0

0                                      1.2733862885941769e-01
1                                      6.8738154726927453e-08
2                                      2.4079350751053426e-09
   &DIPOLEMAGNITUDE [&Type "Double", &Units "a.u."]       1.2733862885943625e-01
$End
$SCF_Polarizability
   &GeometryIndex 1
   &ListStatus       OUT
   &METHOD [&Type "String"] "SCF"
   &LEVEL [&Type "String"] "Relaxed density"
   &MULT [&Type "Integer"] 1
   &STATE [&Type "Integer"] -1
   &IRREP [&Type "Integer"] 0
   &NATOMS [&Type "Integer"] 3
   &DODIPOLEATOM [&Type "Boolean"] false
   &RAWCARTESIAN [&Type "ArrayOfDoubles", &Units "a.u", &Dim (3,3)] 
                                                         0                           1                           2

0                                      8.3972214629088153e+00         1.9528598802881398e-08        -4.7728838101306264e-08
1                                      1.9528598802881398e-08         4.1716963820466502e+00        -1.6421892078856623e-09
2                                     -4.7728838101306264e-08        -1.6421892078856623e-09         4.1716963868961106e+00
   &DIAGONALIZEDTENSOR [&Type "ArrayOfDoubles", &Dim (3,1)] 
                                                         0

0                                      4.1716963815428834e+00
1                                      4.1716963873998782e+00
2                                      8.3972214629088153e+00
   &ORIENTATION [&Type "ArrayOfDoubles", &Dim (3,3)] 
                                                         0                           1                           2

0                                      1.1056875623921764e-09         1.2154080341788716e-08         9.9999999999999956e-01
1                                     -9.5602752711020267e-01        -2.9327694660090498e-01         4.6215790083792285e-09
2                                     -2.9327694660090503e-01         9.5602752711020278e-01        -1.1295362661626982e-08
   &ISOTROPICPOLAR [&Type "Double"]       5.5802047439505253e+00
$End
$THERMOCHEMISTRY_Energies
   &GeometryIndex 1
   &ListStatus       OUT
   &TEMPERATURE [&Type "Double"]       2.9814999999999998e+02
   &PRESSURE [&Type "Double"]       1.0000000000000000e+00
   &TOTALMASS [&Type "Double"]       4.4009000000000000e+01
   &SPINDEGENERACY [&Type "Integer"] 1
   &ELENERGY [&Type "Double"]      -1.8272508951088699e+02
   &TRANSENERGY [&Type "Double"]       1.4162714244859817e-03
   &ROTENERGY [&Type "Double"]       9.4418094965732118e-04
   &VIBENERGY [&Type "Double"]       1.4535273458034550e-17
   &NUMOFFREQS [&Type "Integer"] 9
   &FREQSCALINGFACTOR [&Type "Double"]       1.0000000000000000e+00
   &FREQ [&Type "ArrayOfDoubles", &Dim (9,1)] "In cm^-1"
                                                         0

0                                      0.0000000000000000e+00
1                                      0.0000000000000000e+00
2                                      0.0000000000000000e+00
3                                      0.0000000000000000e+00
4                                      0.0000000000000000e+00
5                                     -6.5853042046784612e+03
6                                     -6.5853041982261320e+03
7                                      7.3298622140449088e+03
8                                      1.4131630784481249e+04
   &ZPE [&Type "Double"]       4.8892878630787069e-02
   &INNERENERGYU [&Type "Double"]      -1.8267383617988204e+02
   &ENTHALPYH [&Type "Double"]      -1.8267289197083980e+02
   &QEL [&Type "Double"]       0.0000000000000000e+00
   &QROT [&Type "Double"]       5.6694494771491067e-03
   &QVIB [&Type "Double"]      -2.5703159590866217e-11
   &QTRANS [&Type "Double"]       1.7708800485862652e-02
   &ENTROPYS [&Type "Double"]       2.3378249937308599e-02
   &FREEENERGYG [&Type "Double"]      -1.8269627022077711e+02
   &ISLINEAR [&Type "Boolean"] true
$End
$Hessian
   &GeometryIndex 1
   &ListStatus       OUT
   &HESSIAN [&Type "ArrayOfDoubles", &Dim (9,9)] "The Hessian"
                                                         0                           1                           2                           3                           4                           5                           6                           7

0                                      6.5673903794940628e+01        -4.7779093494559957e-07        -1.5468195937960564e-07        -3.6627620699851590e+01         2.1087759393975944e-06         1.7412799375245818e-07        -2.9046283095089041e+01        -1.6580470562792264e-06
1                                     -4.7779093494559957e-07        -1.4290371128638139e+01        -1.3556364947366970e-08         1.8524655962310809e-06         8.4234518482074741e+00         1.7041389126716021e-08        -1.3476126094582498e-06         5.8669192804306647e+00
2                                     -1.5468195937960564e-07        -1.3556364947366970e-08        -1.4290371130436334e+01         9.1648584143110599e-08         1.7477613818777015e-08         8.4234519068455782e+00         8.9521445878681987e-08        -3.9036268288077608e-09
3                                     -3.6627620699851590e+01         1.8524655962310809e-06         9.1648584143110599e-08         3.6774305072377977e+01        -2.0463251168189498e-06        -5.6805022888349294e-08        -1.4668437252638955e-01         1.5785840525151939e-07
4                                      2.1087759393975944e-06         8.4234518482074741e+00         1.7477613818777015e-08        -2.0463251168189498e-06        -9.2341867114366725e+00         1.0785357758213777e-08        -2.6449707242295361e-08         8.1073486322919874e-01
5                                      1.7412799375245818e-07         1.7041389126716021e-08         8.4234519068455782e+00        -5.6805022888349294e-08         1.0785357758213777e-08        -9.2341868212158342e+00        -1.3610315737361609e-07        -2.7844503497477084e-08
6                                     -2.9046283095089041e+01        -1.3476126094582498e-06         8.9521445878681987e-08        -1.4668437252638955e-01        -2.6449707242295361e-08        -1.3610315737361609e-07         2.9192967467615432e+01         1.4371254838641261e-06
7                                     -1.6580470562792264e-06         5.8669192804306647e+00        -3.9036268288077608e-09         1.5785840525151939e-07         8.1073486322919874e-01        -2.7844503497477084e-08         1.4371254838641261e-06        -6.6776541436598631e+00
8                                     -4.5934105015039510e-08        -3.5026462219513338e-09         5.8669192235907559e+00        -1.6063374745254103e-08        -2.8245214964443507e-08         8.1073491437025536e-01         5.4289595627613858e-08         3.1747995756339842e-08
                                                         8

0                                     -4.5934105015039510e-08
1                                     -3.5026462219513338e-09
2                                      5.8669192235907559e+00
3                                     -1.6063374745254103e-08
4                                     -2.8245214964443507e-08
5                                      8.1073491437025536e-01
6                                      5.4289595627613858e-08
7                                      3.1747995756339842e-08
8                                     -6.6776541379610110e+00
   &MODES [&Type "ArrayOfDoubles", &Dim (9,9)] "The modes of vibrations"
                                                         0                           1                           2                           3                           4                           5                           6                           7

0                                      0.0000000000000000e+00         0.0000000000000000e+00         0.0000000000000000e+00         0.0000000000000000e+00         0.0000000000000000e+00        -9.2039845734994825e-10        -3.2778336531793946e-10        -2.0267245188417975e-02
1                                      0.0000000000000000e+00         0.0000000000000000e+00         0.0000000000000000e+00         0.0000000000000000e+00         0.0000000000000000e+00        -1.6164561329633134e-01        -1.8544034519504141e-01        -1.2617235354327537e-08
2                                      0.0000000000000000e+00         0.0000000000000000e+00         0.0000000000000000e+00         0.0000000000000000e+00         0.0000000000000000e+00        -1.8544034519504166e-01         1.6164561329633148e-01         1.0364217607650887e-10
3                                      0.0000000000000000e+00         0.0000000000000000e+00         0.0000000000000000e+00         0.0000000000000000e+00         0.0000000000000000e+00         6.3160670784805324e-09         7.0443938278692367e-09        -1.6857375423340532e-01
4                                      0.0000000000000000e+00         0.0000000000000000e+00         0.0000000000000000e+00         0.0000000000000000e+00         0.0000000000000000e+00         6.2621015665727836e-02         7.1839021948764639e-02         4.4187172771201237e-09
5                                      0.0000000000000000e+00         0.0000000000000000e+00         0.0000000000000000e+00         0.0000000000000000e+00         0.0000000000000000e+00         7.1839021948764778e-02        -6.2621015665727933e-02        -9.4722747048766691e-11
6                                      0.0000000000000000e+00         0.0000000000000000e+00         0.0000000000000000e+00         0.0000000000000000e+00         0.0000000000000000e+00        -5.6250922566822764e-09        -6.7983155953070466e-09         1.8378907281319706e-01
7                                      0.0000000000000000e+00         0.0000000000000000e+00         0.0000000000000000e+00         0.0000000000000000e+00         0.0000000000000000e+00         5.8731910223529887e-02         6.7377428212973017e-02         5.0534756010895681e-09
8                                      0.0000000000000000e+00         0.0000000000000000e+00         0.0000000000000000e+00         0.0000000000000000e+00         0.0000000000000000e+00         6.7377428212973101e-02        -5.8731910223529929e-02         1.6915012919530353e-11
                                                         8

0                                      2.4520119954499722e-01
1                                     -1.7968977203989337e-09
2                                     -4.6405989650568171e-10
3                                     -1.0660286562837218e-01
4                                      4.9777338786484901e-09
5                                      4.9139155714705005e-10
6                                     -7.7478114916346916e-02
7                                     -3.6287409075475875e-09
8                                     -1.4300579920570440e-10
$End
