*************************************************
******************* ORCA 6.0.1 ******************
*************************************************
$Calculation_Status
   &GeometryIndex 1
   &ListStatus       OUT
   &VERSION [&Type "String"] "6.0.1"
   &PROGNAME [&Type "String"] "LeanSCF"
   &STATUS [&Type "String"] "NORMAL TERMINATION"
$End
$Geometry
   &GeometryIndex 1
   &ListStatus       OUT
   &NATOMS [&Type "Integer"] 3
   &NCORELESSECP [&Type "Integer"] 0
   &NGHOSTATOMS [&Type "Integer"] 0
   &CartesianCoordinates [&Type "Coordinates", &Dim(3,4), &Units "Bohr"] 
              C     -0.000002647695    0.054693783190   -0.002622824223
              O      1.163303526011   -0.017788904269    0.000853059227
              O     -1.163300877938   -0.017787955438    0.000853017086
$End
$SCF_Energy
   &GeometryIndex 1
   &ListStatus       OUT
   &SCF_ENERGY [&Type "Double"]      -1.8280744761871350e+02
$End
$DFT_Energy
   &GeometryIndex 1
   &ListStatus       OUT
   &NALPHAEL [&Type "Integer"] 11
   &NBETAEL [&Type "Integer"] 11
   &NTOTALEL [&Type "Integer"] 22
   &EEXCHANGE [&Type "Double"]      -1.8840749384402294e+01
   &ECORR [&Type "Double"]      -1.0015567706354063e+00
   &ECNL [&Type "Double"]       0.0000000000000000e+00
   &EXC [&Type "Double"]      -1.9842306155037701e+01
   &EEMBED [&Type "Double"]       0.0000000000000000e+00
   &FINALEN [&Type "Double"]      -1.8280744761871350e+02  "No Van der Waals correction"
$End
$Mulliken_Population_Analysis
   &GeometryIndex 1
   &ListStatus       OUT
   &NATOMS [&Type "Integer"] 3
   &ATNO [&Type "ArrayOfIntegers", &Dim (3,1)] 
                                                         0

0                                                        6
1                                                        8
2                                                        8
   &ATOMICCHARGES [&Type "ArrayOfDoubles", &Dim (3,1)] 
                                                         0

0                                      1.0742735281333804e-01
1                                     -5.3724464960097862e-02
2                                     -5.3702887853333436e-02
$End
$Loewdin_Population_Analysis
   &GeometryIndex 1
   &ListStatus       OUT
   &NATOMS [&Type "Integer"] 3
   &ATNO [&Type "ArrayOfIntegers", &Dim (3,1)] 
                                                         0

0                                                        6
1                                                        8
2                                                        8
   &ATOMICCHARGES [&Type "ArrayOfDoubles", &Dim (3,1)] 
                                                         0

0                                     -8.1676237405518215e-01
1                                      4.0837785638678081e-01
2                                      4.0838451766827610e-01
$End
$Mayer_Population_Analysis
   &GeometryIndex 1
   &ListStatus       OUT
   &NATOMS [&Type "Integer"] 3 "Total number of atoms"
   &BONDTHRESH [&Type "Double"]       1.0000000000000001e-01  "The threshold for printing"
   &NBONDORDERSPRINT [&Type "Integer"] 3 "The number of bond orders larger than threshold"
   &BONDORDERS [&Type "ArrayOfDoubles", &Dim (3,1)] "The bond orders"
                                                         0

0                                      1.8569850142162945e+00
1                                      1.8569974895194958e+00
2                                      1.3029781051244576e+00
   &COMPONENTS [&Type "ArrayOfIntegers", &Dim (3,4)] "The indices and atomic numbers of the bonding atoms"
                                                         0                           1                           2                           3

0                                                        0                           6                           1                           8
1                                                        0                           6                           2                           8
2                                                        1                           8                           2                           8
   &ATNO [&Type "ArrayOfIntegers", &Dim (3,1)] "Atomic number of the elements"
                                                         0

0                                                        6
1                                                        8
2                                                        8
   &NA [&Type "ArrayOfDoubles", &Dim (3,1)] "Mulliken gross atomic population"
                                                         0

0                                      5.8925726471866655e+00
1                                      8.0537244649600943e+00
2                                      8.0537028878533352e+00
   &ZA [&Type "ArrayOfDoubles", &Dim (3,1)] "Total nuclear charge"
                                                         0

0                                      6.0000000000000000e+00
1                                      8.0000000000000000e+00
2                                      8.0000000000000000e+00
   &QA [&Type "ArrayOfDoubles", &Dim (3,1)] "Mulliken gross atomic charge"
                                                         0

0                                      1.0742735281333449e-01
1                                     -5.3724464960094309e-02
2                                     -5.3702887853335213e-02
   &VA [&Type "ArrayOfDoubles", &Dim (3,1)] "Mayer's total valence"
                                                         0

0                                      3.7139825037357497e+00
1                                      3.1599631193406648e+00
2                                      3.1599755946439076e+00
   &BVA [&Type "ArrayOfDoubles", &Dim (3,1)] "Mayer's bonded valence"
                                                         0

0                                      3.7139825037357905e+00
1                                      3.1599631193407518e+00
2                                      3.1599755946439534e+00
   &FA [&Type "ArrayOfDoubles", &Dim (3,1)] "Mayer's free valence"
                                                         0

0                                      0.0000000000000000e+00
1                                      0.0000000000000000e+00
2                                      0.0000000000000000e+00
$End
$SCF_Nuc_Gradient
   &GeometryIndex 1
   &ListStatus       OUT
   &NATOMS [&Type "Integer"] 3
   &ROOT [&Type "Integer"] 0
   &GRADNORM [&Type "Double"]       1.4203369855221830e+01
   &GRAD [&Type "ArrayOfDoubles", &Dim (9,1)] 
                                                         0

0                                     -2.5875026227707341e-04
1                                     -1.0115123546334304e+00
2                                      4.8507950809087631e-02
3                                     -1.0004805650802171e+01
4                                      5.0575035406110258e-01
5                                     -2.4253658600138721e-02
6                                      1.0005064401063613e+01
7                                      5.0576200072022270e-01
8                                     -2.4254292204257798e-02
$End
$SCF_Dipole_Moment
   &GeometryIndex 1
   &ListStatus       OUT
   &METHOD [&Type "String"] "SCF"
   &LEVEL [&Type "String"] "Relaxed density"
   &MULT [&Type "Integer"] 1
   &STATE [&Type "Integer"] -1
   &IRREP [&Type "Integer"] 0
   &NATOMS [&Type "Integer"] 3
   &DODIPOLEATOM [&Type "Boolean"] false
   &DIPOLEELECCONTRIB [&Type "ArrayOfDoubles", &Dim (3,1)] "Electronic contribution"
                                                         0

0                                     -1.3719238940232761e-05
1                                      8.6129117332698277e-02
2                                     -4.1303328107204652e-03
   &DIPOLENUCCONTRIB [&Type "ArrayOfDoubles", &Dim (3,1)] "Nuclear contribution"
                                                         0

0                                      1.6966756888336931e-08
1                                     -3.0963339435019499e-04
2                                      1.4848374744528409e-05
   &DIPOLETOTAL [&Type "ArrayOfDoubles", &Dim (3,1)] "Total"
                                                         0

0                                     -1.3702272183344424e-05
1                                      8.5819483938348082e-02
2                                     -4.1154844359759368e-03
   &DIPOLEMAGNITUDE [&Type "Double", &Units "a.u."]       8.5918107656881085e-02
$End
$SCF_Polarizability
   &GeometryIndex 1
   &ListStatus       OUT
   &METHOD [&Type "String"] "SCF"
   &LEVEL [&Type "String"] "Relaxed density"
   &MULT [&Type "Integer"] 1
   &STATE [&Type "Integer"] -1
   &IRREP [&Type "Integer"] 0
   &NATOMS [&Type "Integer"] 3
   &DODIPOLEATOM [&Type "Boolean"] false
   &RAWCARTESIAN [&Type "ArrayOfDoubles", &Units "a.u", &Dim (3,3)] 
                                                         0                           1                           2

0                                      8.4071275058575434e+00        -1.7786102153075057e-06         8.6918707814964447e-08
1                                     -1.7786102153075057e-06         4.2156681262255464e+00        -1.9843021233414441e-03
2                                      8.6918707814964447e-08        -1.9843021233414441e-03         4.1742898523597063e+00
   &DIAGONALIZEDTENSOR [&Type "ArrayOfDoubles", &Dim (3,1)] 
                                                         0

0                                      4.1741949126485745e+00
1                                      4.2157630659359233e+00
2                                      8.4071275058582984e+00
   &ORIENTATION [&Type "ArrayOfDoubles", &Dim (3,3)] 
                                                         0                           1                           2

0                                     -4.2956658945316264e-10         4.2485731231176747e-07        -9.9999999999990952e-01
1                                      4.7790721542450038e-02         9.9885737066623892e-01         4.2435132858685001e-07
2                                      9.9885737066632896e-01        -4.7790721542445527e-02        -2.0733313262032814e-08
   &ISOTROPICPOLAR [&Type "Double"]       5.5990284948142648e+00
$End
$THERMOCHEMISTRY_Energies
   &GeometryIndex 1
   &ListStatus       OUT
   &TEMPERATURE [&Type "Double"]       2.9814999999999998e+02
   &PRESSURE [&Type "Double"]       1.0000000000000000e+00
   &TOTALMASS [&Type "Double"]       4.4009000000000000e+01
   &SPINDEGENERACY [&Type "Integer"] 1
   &ELENERGY [&Type "Double"]      -1.8280744761871350e+02
   &TRANSENERGY [&Type "Double"]       1.4162714244859817e-03
   &ROTENERGY [&Type "Double"]       1.4162714244859817e-03
   &VIBENERGY [&Type "Double"]       1.2167900523500697e-17
   &NUMOFFREQS [&Type "Integer"] 9
   &FREQSCALINGFACTOR [&Type "Double"]       1.0000000000000000e+00
   &FREQ [&Type "ArrayOfDoubles", &Dim (9,1)] "In cm^-1"
                                                         0

0                                      0.0000000000000000e+00
1                                      0.0000000000000000e+00
2                                      0.0000000000000000e+00
3                                      0.0000000000000000e+00
4                                      0.0000000000000000e+00
5                                      0.0000000000000000e+00
6                                     -6.4690534493600326e+03
7                                      7.3677719450455797e+03
8                                      1.3990451073123631e+04
   &ZPE [&Type "Double"]       4.8657612304434904e-02
   &INNERENERGYU [&Type "Double"]      -1.8275595746356009e+02
   &ENTHALPYH [&Type "Double"]      -1.8275501325451785e+02
   &QEL [&Type "Double"]       0.0000000000000000e+00
   &QROT [&Type "Double"]       5.1575371096269796e-03
   &QVIB [&Type "Double"]      -2.5399478238988845e-11
   &QTRANS [&Type "Double"]       1.7708800485862652e-02
   &ENTROPYS [&Type "Double"]       2.2866337570090153e-02
   &FREEENERGYG [&Type "Double"]      -1.8277787959208794e+02
   &ISLINEAR [&Type "Boolean"] false
$End
$Hessian
   &GeometryIndex 1
   &ListStatus       OUT
   &HESSIAN [&Type "ArrayOfDoubles", &Dim (9,9)] "The Hessian"
                                                         0                           1                           2                           3                           4                           5                           6                           7

0                                      6.4595829978087536e+01         4.9995375357880789e-05        -2.4806556105233524e-06        -3.2297513327001354e+01         2.4476706619657147e+00        -1.1736255131465581e-01        -3.2298316651086182e+01        -2.4477205907464965e+00
1                                      4.9995375357880789e-05        -1.3685840635204109e+01        -1.2856981522246234e-02         2.0516225663859347e+00         6.8427863717500461e+00         6.4287429675575821e-03        -2.0516726283558686e+00         6.8430542634540625e+00
2                                     -2.4806556105233524e-06        -1.2856981522246234e-02        -1.3955282256158970e+01        -9.8418894850422683e-02         6.4281056176130197e-03         6.9775059593109665e+00         9.8421373178020549e-02         6.4282378650200953e-03
3                                     -3.2297513327001354e+01         2.0516225663859347e+00        -9.8418894850422683e-02         3.2449122159552914e+01        -2.2496480103163310e+00         1.0789073846010917e-01        -1.5160883255155930e-01         1.9801794307427836e-01
4                                      2.4476706619657147e+00         6.8427863717500461e+00         6.4281056176130197e-03        -2.2496480103163310e+00        -7.6452740756426758e+00        -6.8587963446523868e-03        -1.9801515079326584e-01         8.0248770389263002e-01
5                                     -1.1736255131465581e-01         6.4287429675575821e-03         6.9775059593109665e+00         1.0789073846010917e-01        -6.8587963446523868e-03        -7.7889654602201883e+00         9.4794893858216565e-03         4.3037412923221940e-04
6                                     -3.2298316651086182e+01        -2.0516726283558686e+00         9.8421373178020549e-02        -1.5160883255155930e-01        -1.9801515079326584e-01         9.4794893858216565e-03         3.2449925483637742e+01         2.2496952134106762e+00
7                                     -2.4477205907464965e+00         6.8430542634540625e+00         6.4282378650200953e-03         1.9801794307427836e-01         8.0248770389263002e-01         4.3037412923221940e-04         2.2496952134106762e+00        -7.6455419673466922e+00
8                                      1.1736503429827899e-01         6.4288765943017710e-03         6.9777762968480026e+00        -9.4795201409615133e-03         4.3036997490195127e-04         8.1145950090922159e-01        -1.0789318836057984e-01        -6.8589292817280191e-03
                                                         8

0                                      1.1736503429827899e-01
1                                      6.4288765943017710e-03
2                                      6.9777762968480026e+00
3                                     -9.4795201409615133e-03
4                                      4.3036997490195127e-04
5                                      8.1145950090922159e-01
6                                     -1.0789318836057984e-01
7                                     -6.8589292817280191e-03
8                                     -7.7892357977572244e+00
   &MODES [&Type "ArrayOfDoubles", &Dim (9,9)] "The modes of vibrations"
                                                         0                           1                           2                           3                           4                           5                           6                           7

0                                      0.0000000000000000e+00         0.0000000000000000e+00         0.0000000000000000e+00         0.0000000000000000e+00         0.0000000000000000e+00         0.0000000000000000e+00         6.9244109518996164e-08        -2.2168511389651749e-06
1                                      0.0000000000000000e+00         0.0000000000000000e+00         0.0000000000000000e+00         0.0000000000000000e+00         0.0000000000000000e+00         0.0000000000000000e+00        -2.4519107600492168e-01         1.6638421064524976e-02
2                                      0.0000000000000000e+00         0.0000000000000000e+00         0.0000000000000000e+00         0.0000000000000000e+00         0.0000000000000000e+00         0.0000000000000000e+00         1.1758063128747012e-02        -7.9789039807740653e-04
3                                      0.0000000000000000e+00         0.0000000000000000e+00         0.0000000000000000e+00         0.0000000000000000e+00         0.0000000000000000e+00         0.0000000000000000e+00         1.1968713111348485e-02         1.7637742504970461e-01
4                                      0.0000000000000000e+00         0.0000000000000000e+00         0.0000000000000000e+00         0.0000000000000000e+00         0.0000000000000000e+00         0.0000000000000000e+00         9.2036372735259261e-02        -6.2456201554704355e-03
5                                      0.0000000000000000e+00         0.0000000000000000e+00         0.0000000000000000e+00         0.0000000000000000e+00         0.0000000000000000e+00         0.0000000000000000e+00        -4.4135761489886823e-03         2.9950655141108590e-04
6                                      0.0000000000000000e+00         0.0000000000000000e+00         0.0000000000000000e+00         0.0000000000000000e+00         0.0000000000000000e+00         0.0000000000000000e+00        -1.1968765095284944e-02        -1.7637576078324854e-01
7                                      0.0000000000000000e+00         0.0000000000000000e+00         0.0000000000000000e+00         0.0000000000000000e+00         0.0000000000000000e+00         0.0000000000000000e+00         9.2037007719463798e-02        -6.2454152471178139e-03
8                                      0.0000000000000000e+00         0.0000000000000000e+00         0.0000000000000000e+00         0.0000000000000000e+00         0.0000000000000000e+00         0.0000000000000000e+00        -4.4136065648921899e-03         2.9949723453216850e-04
                                                         8

0                                     -2.4590683572453972e-01
1                                     -2.0474408390587154e-07
2                                      1.0173573208411982e-08
3                                      9.2303773940713915e-02
4                                     -5.7512205912120086e-03
5                                      2.7579789279411808e-04
6                                      9.2306951972621024e-02
7                                      5.7513742996432781e-03
8                                     -2.7580553044580659e-04
$End
