
$orca_hessian_file

$act_atom
  0

$act_coord
  0

$act_energy
        0.000000

$multiplicity
  1

$hessian
9
                    0                  1                  2                  3                  4        
    0      6.4595505753E+01   4.9969885688E-05  -2.4801128221E-06  -3.2297351180E+01   2.4476723073E+00
    1      4.9969885688E-05  -1.3686002957E+01  -1.2857963856E-02   2.0516922196E+00   6.8428675376E+00
    2     -2.4801128221E-06  -1.2857963856E-02  -1.3955465403E+01  -9.8422239204E-02   6.4285968652E-03
    3     -3.2297351180E+01   2.0516922196E+00  -9.8422239204E-02   3.2448964972E+01  -2.2496836556E+00
    4      2.4476723073E+00   6.8428675376E+00   6.4285968652E-03  -2.2496836556E+00  -7.6452968591E+00
    5     -1.1736263273E-01   6.4292344476E-03   6.9775975391E+00   1.0789245277E-01  -6.8590725113E-03
    6     -3.2298154573E+01  -2.0517422558E+00   9.8424716992E-02  -1.5161379215E-01  -1.9798115076E-01
    7     -2.4477222108E+00   6.8431354195E+00   6.4287291097E-03   1.9798393520E-01   8.0242932145E-01
    8      1.1736511517E-01   6.4293672889E-03   6.9778678636E+00  -9.4778905394E-03   4.3015497309E-04
                    5                  6                  7                  8        
     0     -1.1736263273E-01  -3.2298154573E+01  -2.4477222108E+00   1.1736511517E-01
     1      6.4292344476E-03  -2.0517422558E+00   6.8431354195E+00   6.4293672889E-03
     2      6.9775975391E+00   9.8424716992E-02   6.4287291097E-03   6.9778678636E+00
     3      1.0789245277E-01  -1.5161379215E-01   1.9798393520E-01  -9.4778905394E-03
     4     -6.8590725113E-03  -1.9798115076E-01   8.0242932145E-01   4.3015497309E-04
     5     -7.7889940904E+00   9.4778569439E-03   4.3015873679E-04   8.1139655134E-01
     6      9.4778569439E-03   3.2449768365E+01   2.2497308411E+00  -1.0789489928E-01
     7      4.3015873679E-04   2.2497308411E+00  -7.6455647409E+00  -6.8592050543E-03
     8      8.1139655134E-01  -1.0789489928E-01  -6.8592050543E-03  -7.7892644149E+00

$vibrational_frequencies
9
    0        0.0000000000000000
    1        0.0000000000000000
    2        0.0000000000000000
    3        0.0000000000000000
    4        0.0000000000000000
    5        0.0000000000000000
    6    -6469.0936161590516349
    7     7367.7568332204373291
    8    13990.4160640689115098

$normal_modes
9 9
                    0                  1                  2                  3                  4        
    0      0.0000000000E+00   0.0000000000E+00   0.0000000000E+00   0.0000000000E+00   0.0000000000E+00
    1      0.0000000000E+00   0.0000000000E+00   0.0000000000E+00   0.0000000000E+00   0.0000000000E+00
    2      0.0000000000E+00   0.0000000000E+00   0.0000000000E+00   0.0000000000E+00   0.0000000000E+00
    3      0.0000000000E+00   0.0000000000E+00   0.0000000000E+00   0.0000000000E+00   0.0000000000E+00
    4      0.0000000000E+00   0.0000000000E+00   0.0000000000E+00   0.0000000000E+00   0.0000000000E+00
    5      0.0000000000E+00   0.0000000000E+00   0.0000000000E+00   0.0000000000E+00   0.0000000000E+00
    6      0.0000000000E+00   0.0000000000E+00   0.0000000000E+00   0.0000000000E+00   0.0000000000E+00
    7      0.0000000000E+00   0.0000000000E+00   0.0000000000E+00   0.0000000000E+00   0.0000000000E+00
    8      0.0000000000E+00   0.0000000000E+00   0.0000000000E+00   0.0000000000E+00   0.0000000000E+00
                    5                  6                  7                  8        
     0      0.0000000000E+00   2.4837304649E-07  -8.8629957882E-06  -8.8288472309E-01
     1      0.0000000000E+00  -8.8061657397E-01   6.6516872582E-02  -7.3484088984E-07
     2      0.0000000000E+00   4.2229698722E-02  -3.1897962996E-03   3.6514112971E-08
     3      0.0000000000E+00   4.2987597848E-02   7.0509751781E-01   3.3140027007E-01
     4      0.0000000000E+00   3.3055344655E-01  -2.4968662502E-02  -2.0648733931E-02
     5      0.0000000000E+00  -1.5851589587E-02   1.1973635625E-03   9.9020324761E-04
     6      0.0000000000E+00  -4.2987784311E-02  -7.0509086406E-01   3.3141168125E-01
     7      0.0000000000E+00   3.3055572715E-01  -2.4967843316E-02   2.0649285602E-02
     8      0.0000000000E+00  -1.5851698828E-02   1.1973263153E-03  -9.9023066001E-04

#
# The atoms: label  mass x y z (in bohrs)
#
$atoms
3
 C     12.01100     -0.000002887761     0.052700262514    -0.002527224986
 O     15.99900      1.163303285945    -0.019782424946     0.000948658463
 O     15.99900     -1.163301118003    -0.019781476114     0.000948616323

$actual_temperature
  0.000000

$frequency_scale_factor
  1.000000

$dipole_derivatives
9
    3.4340383519E+00    7.6681862442E-09    4.9665938438E-09
   -1.5476008158E-06    1.1762626925E+00    3.7172846755E-04
    2.7097108696E-08    3.7204971798E-04    1.1840551860E+00
   -1.7170160166E+00   -4.8718744721E-02    2.3368775021E-03
    7.0082948596E-02   -5.8806805763E-01   -1.8562621805E-04
   -3.3359362220E-03   -1.8424553214E-04   -5.9192914543E-01
   -1.7170082736E+00    4.8718752185E-02   -2.3368828159E-03
   -7.0081337320E-02   -5.8806033840E-01   -1.8562922279E-04
    3.3359058546E-03   -1.8424988300E-04   -5.9192143106E-01

#
# The IR spectrum
#  wavenumber eps Int TX TY TZ
#
$ir_spectrum
9
      0.00   0.00000000   0.00000000     0.000000     0.000000     0.000000
      0.00   0.00000000   0.00000000     0.000000     0.000000     0.000000
      0.00   0.00000000   0.00000000     0.000000     0.000000     0.000000
      0.00   0.00000000   0.00000000     0.000000     0.000000     0.000000
      0.00   0.00000000   0.00000000     0.000000     0.000000     0.000000
      0.00   0.00000000   0.00000000     0.000000     0.000000     0.000000
  -6469.09   0.00000000   0.00000000     0.000000     0.000000     0.000000
   7367.76   0.00001831   0.09253398    -0.000001     0.000880    -0.000042
  13990.42   0.26058121 1316.87065655    -0.076239    -0.000000     0.000000


$end

