
$orca_hessian_file

$act_atom
  0

$act_coord
  0

$act_energy
        0.000000

$multiplicity
  1

$hessian
9
                    0                  1                  2                  3                  4        
    0      6.4595490277E+01   4.9965683683E-05  -2.4803901795E-06  -3.2297343431E+01   2.4476719909E+00
    1      4.9965683683E-05  -1.3686006024E+01  -1.2858030072E-02   2.0516952603E+00   6.8428690757E+00
    2     -2.4803901795E-06  -1.2858030072E-02  -1.3955469839E+01  -9.8422385069E-02   6.4286298697E-03
    3     -3.2297343431E+01   2.0516952603E+00  -9.8422385069E-02   3.2448957899E+01  -2.2496850171E+00
    4      2.4476719909E+00   6.8428690757E+00   6.4286298697E-03  -2.2496850171E+00  -7.6452964793E+00
    5     -1.1736261761E-01   6.4292676769E-03   6.9775997622E+00   1.0789251821E-01  -6.8590890137E-03
    6     -3.2298146846E+01  -2.0517452924E+00   9.8424863140E-02  -1.5161446808E-01  -1.9797947288E-01
    7     -2.4477218901E+00   6.8431369482E+00   6.4287623284E-03   1.9798225592E-01   8.0242740367E-01
    8      1.1736510032E-01   6.4294002685E-03   6.9778700772E+00  -9.4778101336E-03   4.3013847433E-04
                    5                  6                  7                  8        
     0     -1.1736261761E-01  -3.2298146846E+01  -2.4477218901E+00   1.1736510032E-01
     1      6.4292676769E-03  -2.0517452924E+00   6.8431369482E+00   6.4294002685E-03
     2      6.9775997622E+00   9.8424863140E-02   6.4287623284E-03   6.9778700772E+00
     3      1.0789251821E-01  -1.5161446808E-01   1.9798225592E-01  -9.4778101336E-03
     4     -6.8590890137E-03  -1.9797947288E-01   8.0242740367E-01   4.3013847433E-04
     5     -7.7889940505E+00   9.4777764023E-03   4.3014200648E-04   8.1139428828E-01
     6      9.4777764023E-03   3.2449761314E+01   2.2497321998E+00  -1.0789496486E-01
     7      4.3014200648E-04   2.2497321998E+00  -7.6455643519E+00  -6.8592215389E-03
     8      8.1139428828E-01  -1.0789496486E-01  -6.8592215389E-03  -7.7892643655E+00

$vibrational_frequencies
9
    0        0.0000000000000000
    1        0.0000000000000000
    2        0.0000000000000000
    3        0.0000000000000000
    4        0.0000000000000000
    5        0.0000000000000000
    6    -6469.0944334881396571
    7     7367.7562060521586318
    8    13990.4143901784536865

$normal_modes
9 9
                    0                  1                  2                  3                  4        
    0      0.0000000000E+00   0.0000000000E+00   0.0000000000E+00   0.0000000000E+00   0.0000000000E+00
    1      0.0000000000E+00   0.0000000000E+00   0.0000000000E+00   0.0000000000E+00   0.0000000000E+00
    2      0.0000000000E+00   0.0000000000E+00   0.0000000000E+00   0.0000000000E+00   0.0000000000E+00
    3      0.0000000000E+00   0.0000000000E+00   0.0000000000E+00   0.0000000000E+00   0.0000000000E+00
    4      0.0000000000E+00   0.0000000000E+00   0.0000000000E+00   0.0000000000E+00   0.0000000000E+00
    5      0.0000000000E+00   0.0000000000E+00   0.0000000000E+00   0.0000000000E+00   0.0000000000E+00
    6      0.0000000000E+00   0.0000000000E+00   0.0000000000E+00   0.0000000000E+00   0.0000000000E+00
    7      0.0000000000E+00   0.0000000000E+00   0.0000000000E+00   0.0000000000E+00   0.0000000000E+00
    8      0.0000000000E+00   0.0000000000E+00   0.0000000000E+00   0.0000000000E+00   0.0000000000E+00
                    5                  6                  7                  8        
     0      0.0000000000E+00   2.4831893164E-07  -8.8632274481E-06  -8.8288472309E-01
     1      0.0000000000E+00  -8.8061656915E-01   6.6516970516E-02  -7.3480182118E-07
     2      0.0000000000E+00   4.2229698491E-02  -3.1898009960E-03   3.6512239446E-08
     3      0.0000000000E+00   4.2987661287E-02   7.0509751197E-01   3.3140026991E-01
     4      0.0000000000E+00   3.3055344474E-01  -2.4968699268E-02  -2.0648733946E-02
     5      0.0000000000E+00  -1.5851589500E-02   1.1973653256E-03   9.9020324831E-04
     6      0.0000000000E+00  -4.2987847709E-02  -7.0509085804E-01   3.3141168140E-01
     7      0.0000000000E+00   3.3055572534E-01  -2.4967880072E-02   2.0649285587E-02
     8      0.0000000000E+00  -1.5851698741E-02   1.1973280779E-03  -9.9023065930E-04

#
# The atoms: label  mass x y z (in bohrs)
#
$atoms
3
 C     12.01100     -0.000002887761     0.052700262514    -0.002527224986
 O     15.99900      1.163303285945    -0.019782424946     0.000948658463
 O     15.99900     -1.163301118003    -0.019781476114     0.000948616323

$actual_temperature
  0.000000

$frequency_scale_factor
  1.000000

$dipole_derivatives
9
    3.4340350751E+00    6.7040016777E-09    4.6543235788E-09
   -1.5480706891E-06    1.1762614486E+00    3.7172248537E-04
    2.6734850926E-08    3.7204356246E-04    1.1840538099E+00
   -1.7170143850E+00   -4.8718431695E-02    2.3368629672E-03
    7.0083101734E-02   -5.8806743557E-01   -1.8562320467E-04
   -3.3359439616E-03   -1.8424252708E-04   -5.9192845719E-01
   -1.7170066286E+00    4.8718440103E-02   -2.3368679678E-03
   -7.0081489880E-02   -5.8805971667E-01   -1.8562625472E-04
    3.3359139390E-03   -1.8424673234E-04   -5.9192074360E-01

#
# The IR spectrum
#  wavenumber eps Int TX TY TZ
#
$ir_spectrum
9
      0.00   0.00000000   0.00000000     0.000000     0.000000     0.000000
      0.00   0.00000000   0.00000000     0.000000     0.000000     0.000000
      0.00   0.00000000   0.00000000     0.000000     0.000000     0.000000
      0.00   0.00000000   0.00000000     0.000000     0.000000     0.000000
      0.00   0.00000000   0.00000000     0.000000     0.000000     0.000000
      0.00   0.00000000   0.00000000     0.000000     0.000000     0.000000
  -6469.09   0.00000000   0.00000000     0.000000     0.000000     0.000000
   7367.76   0.00001831   0.09253629    -0.000001     0.000880    -0.000042
  13990.41   0.26058072 1316.86814921    -0.076239    -0.000000     0.000000


$end

