
$orca_hessian_file

$act_atom
  0

$act_coord
  0

$act_energy
        0.000000

$multiplicity
  1

$hessian
9
                    0                  1                  2                  3                  4        
    0      6.4595829978E+01   4.9995375358E-05  -2.4806556105E-06  -3.2297513327E+01   2.4476706620E+00
    1      4.9995375358E-05  -1.3685840635E+01  -1.2856981522E-02   2.0516225664E+00   6.8427863718E+00
    2     -2.4806556105E-06  -1.2856981522E-02  -1.3955282256E+01  -9.8418894850E-02   6.4281056176E-03
    3     -3.2297513327E+01   2.0516225664E+00  -9.8418894850E-02   3.2449122160E+01  -2.2496480103E+00
    4      2.4476706620E+00   6.8427863718E+00   6.4281056176E-03  -2.2496480103E+00  -7.6452740756E+00
    5     -1.1736255131E-01   6.4287429676E-03   6.9775059593E+00   1.0789073846E-01  -6.8587963447E-03
    6     -3.2298316651E+01  -2.0516726284E+00   9.8421373178E-02  -1.5160883255E-01  -1.9801515079E-01
    7     -2.4477205907E+00   6.8430542635E+00   6.4282378650E-03   1.9801794307E-01   8.0248770389E-01
    8      1.1736503430E-01   6.4288765943E-03   6.9777762968E+00  -9.4795201410E-03   4.3036997490E-04
                    5                  6                  7                  8        
     0     -1.1736255131E-01  -3.2298316651E+01  -2.4477205907E+00   1.1736503430E-01
     1      6.4287429676E-03  -2.0516726284E+00   6.8430542635E+00   6.4288765943E-03
     2      6.9775059593E+00   9.8421373178E-02   6.4282378650E-03   6.9777762968E+00
     3      1.0789073846E-01  -1.5160883255E-01   1.9801794307E-01  -9.4795201410E-03
     4     -6.8587963447E-03  -1.9801515079E-01   8.0248770389E-01   4.3036997490E-04
     5     -7.7889654602E+00   9.4794893858E-03   4.3037412923E-04   8.1145950091E-01
     6      9.4794893858E-03   3.2449925484E+01   2.2496952134E+00  -1.0789318836E-01
     7      4.3037412923E-04   2.2496952134E+00  -7.6455419673E+00  -6.8589292817E-03
     8      8.1145950091E-01  -1.0789318836E-01  -6.8589292817E-03  -7.7892357978E+00

$vibrational_frequencies
9
    0        0.0000000000000000
    1        0.0000000000000000
    2        0.0000000000000000
    3        0.0000000000000000
    4        0.0000000000000000
    5        0.0000000000000000
    6    -6469.0534493600325732
    7     7367.7719450455797414
    8    13990.4510731236314314

$normal_modes
9 9
                    0                  1                  2                  3                  4        
    0      0.0000000000E+00   0.0000000000E+00   0.0000000000E+00   0.0000000000E+00   0.0000000000E+00
    1      0.0000000000E+00   0.0000000000E+00   0.0000000000E+00   0.0000000000E+00   0.0000000000E+00
    2      0.0000000000E+00   0.0000000000E+00   0.0000000000E+00   0.0000000000E+00   0.0000000000E+00
    3      0.0000000000E+00   0.0000000000E+00   0.0000000000E+00   0.0000000000E+00   0.0000000000E+00
    4      0.0000000000E+00   0.0000000000E+00   0.0000000000E+00   0.0000000000E+00   0.0000000000E+00
    5      0.0000000000E+00   0.0000000000E+00   0.0000000000E+00   0.0000000000E+00   0.0000000000E+00
    6      0.0000000000E+00   0.0000000000E+00   0.0000000000E+00   0.0000000000E+00   0.0000000000E+00
    7      0.0000000000E+00   0.0000000000E+00   0.0000000000E+00   0.0000000000E+00   0.0000000000E+00
    8      0.0000000000E+00   0.0000000000E+00   0.0000000000E+00   0.0000000000E+00   0.0000000000E+00
                    5                  6                  7                  8        
     0      0.0000000000E+00   2.4869386971E-07  -8.8622254862E-06  -8.8288472309E-01
     1      0.0000000000E+00  -8.8061667532E-01   6.6514813114E-02  -7.3509718951E-07
     2      0.0000000000E+00   4.2229703582E-02  -3.1896975385E-03   3.6526403743E-08
     3      0.0000000000E+00   4.2986264099E-02   7.0509764233E-01   3.3140027058E-01
     4      0.0000000000E+00   3.3055348460E-01  -2.4967889429E-02  -2.0648733835E-02
     5      0.0000000000E+00  -1.5851591411E-02   1.1973264901E-03   9.9020324299E-04
     6      0.0000000000E+00  -4.2986450802E-02  -7.0509098915E-01   3.3141168073E-01
     7      0.0000000000E+00   3.3055576518E-01  -2.4967070275E-02   2.0649285698E-02
     8      0.0000000000E+00  -1.5851700652E-02   1.1972892443E-03  -9.9023066462E-04

#
# The atoms: label  mass x y z (in bohrs)
#
$atoms
3
 C     12.01100     -0.000002887761     0.052700262514    -0.002527224986
 O     15.99900      1.163303285945    -0.019782424946     0.000948658463
 O     15.99900     -1.163301118003    -0.019781476114     0.000948616323

$actual_temperature
  0.000000

$frequency_scale_factor
  1.000000

$dipole_derivatives
9
    3.4340742436E+00    9.7855770491E-09    5.6881999976E-09
   -1.5452995626E-06    1.1762707644E+00    3.7188496399E-04
    2.6682880466E-08    3.7220710884E-04    1.1840665105E+00
   -1.7170339384E+00   -4.8724413885E-02    2.3371480595E-03
    7.0075869151E-02   -5.8807209820E-01   -1.8570459433E-04
   -3.3355922929E-03   -1.8432405934E-04   -5.9193480865E-01
   -1.7170262419E+00    4.8724419200E-02   -2.3371540956E-03
   -7.0074259925E-02   -5.8806436251E-01   -1.8570731435E-04
    3.3355623592E-03   -1.8432869101E-04   -5.9192707749E-01

#
# The IR spectrum
#  wavenumber eps Int TX TY TZ
#
$ir_spectrum
9
      0.00   0.00000000   0.00000000     0.000000     0.000000     0.000000
      0.00   0.00000000   0.00000000     0.000000     0.000000     0.000000
      0.00   0.00000000   0.00000000     0.000000     0.000000     0.000000
      0.00   0.00000000   0.00000000     0.000000     0.000000     0.000000
      0.00   0.00000000   0.00000000     0.000000     0.000000     0.000000
      0.00   0.00000000   0.00000000     0.000000     0.000000     0.000000
  -6469.05   0.00000000   0.00000000     0.000000     0.000000     0.000000
   7367.77   0.00001830   0.09248356    -0.000001     0.000879    -0.000042
  13990.45   0.26058662 1316.89797950    -0.076240    -0.000000     0.000000


$end

