
$orca_hessian_file

$act_atom
  0

$act_coord
  0

$act_energy
     -187.930621

$multiplicity
  1

$hessian
9
                    0                  1                  2                  3                  4        
    0     -3.4458484721E-01   1.5654520861E-06   9.1273408116E-05   1.7229441887E-01  -1.6567359236E-06
    1      1.5654520861E-06   4.6740284761E-02   3.1585901077E-06   5.9531803213E-06  -2.3370887770E-02
    2      9.1273408116E-05   3.1585901077E-06   4.6848262507E-02  -1.3454152813E-04  -3.2073379069E-06
    3      1.7229441887E-01   5.9531803213E-06  -1.3454152813E-04  -1.2513895939E-01  -3.6514945144E-06
    4     -1.6567359236E-06  -2.3370887770E-02  -3.2073379069E-06  -3.6514945144E-06   2.3552623106E-02
    5     -7.2898152777E-06  -1.0262895746E-06  -2.3369535485E-02   9.4971250683E-05   1.2844782890E-06
    6      1.7229042834E-01  -7.8130501597E-06  -1.3297038276E-04  -4.7155459476E-02   3.9668756054E-06
    7      3.8570158973E-07  -2.3369396991E-02  -6.0893831694E-07  -9.6033097432E-07  -1.8173533617E-04
    8      9.2254909936E-05  -1.4746144169E-06  -2.3478727022E-02  -4.4604302920E-05   1.0054091887E-06
                    5                  6                  7                  8        
     0     -7.2898152777E-06   1.7229042834E-01   3.8570158973E-07   9.2254909936E-05
     1     -1.0262895746E-06  -7.8130501597E-06  -2.3369396991E-02  -1.4746144169E-06
     2     -2.3369535485E-02  -1.3297038276E-04  -6.0893831694E-07  -2.3478727022E-02
     3      9.4971250683E-05  -4.7155459476E-02  -9.6033097432E-07  -4.4604302920E-05
     4      1.2844782890E-06   3.9668756054E-06  -1.8173533617E-04   1.0054091887E-06
     5      2.3460412813E-02  -3.5068550376E-06   6.5926171485E-07  -9.0877328108E-05
     6     -3.5068550376E-06  -1.2513496886E-01   2.2104019694E-06   4.4413315391E-05
     7      6.5926171485E-07   2.2104019694E-06   2.3551132327E-02   2.0944091515E-07
     8     -9.0877328108E-05   4.4413315391E-05   2.0944091515E-07   2.3569604350E-02

$vibrational_frequencies
9
    0        0.0000000000000000
    1        0.0000000000000000
    2        0.0000000000000000
    3        0.0000000000000000
    4        0.0000000000000000
    5    -1021.0904867426270357
    6     -358.8771173743908207
    7      376.0636692713327420
    8      376.4986301966814040

$normal_modes
9 9
                    0                  1                  2                  3                  4        
    0      0.0000000000E+00   0.0000000000E+00   0.0000000000E+00   0.0000000000E+00   0.0000000000E+00
    1      0.0000000000E+00   0.0000000000E+00   0.0000000000E+00   0.0000000000E+00   0.0000000000E+00
    2      0.0000000000E+00   0.0000000000E+00   0.0000000000E+00   0.0000000000E+00   0.0000000000E+00
    3      0.0000000000E+00   0.0000000000E+00   0.0000000000E+00   0.0000000000E+00   0.0000000000E+00
    4      0.0000000000E+00   0.0000000000E+00   0.0000000000E+00   0.0000000000E+00   0.0000000000E+00
    5      0.0000000000E+00   0.0000000000E+00   0.0000000000E+00   0.0000000000E+00   0.0000000000E+00
    6      0.0000000000E+00   0.0000000000E+00   0.0000000000E+00   0.0000000000E+00   0.0000000000E+00
    7      0.0000000000E+00   0.0000000000E+00   0.0000000000E+00   0.0000000000E+00   0.0000000000E+00
    8      0.0000000000E+00   0.0000000000E+00   0.0000000000E+00   0.0000000000E+00   0.0000000000E+00
                    5                  6                  7                  8        
     0      8.8326225263E-01  -6.7990962742E-06  -2.4856425734E-06  -2.0597188339E-04
     1     -3.5316208062E-06   7.4573600895E-05   8.8288535553E-01  -2.5801061305E-02
     2     -2.0595672901E-04  -2.1409310996E-05  -2.5801060053E-02  -8.8288533341E-01
     3     -3.3155206945E-01  -7.0710422628E-01   4.9406930003E-05   8.9711888610E-05
     4      1.3341248252E-06  -2.7992401471E-05  -3.3140522880E-01   9.6848436433E-03
     5      7.7312918757E-05   8.0363294500E-06   9.6848431754E-03   3.3140522050E-01
     6     -3.3154330628E-01   7.0710933060E-01  -4.7540872565E-05   6.4918293992E-05
     7      1.3171844756E-06  -2.7992567611E-05  -3.3140719730E-01   9.6849011738E-03
     8      7.7305886926E-05   8.0363772424E-06   9.6849007019E-03   3.3140718900E-01

#
# The atoms: label  mass x y z (in bohrs)
#
$atoms
3
 C     12.01100     -0.000008945341     0.000000076984     0.000000034027
 O     15.99900      4.142587229856    -0.000000028897    -0.000000012772
 O     15.99900     -4.142580514280    -0.000000028897    -0.000000012772

$actual_temperature
  0.000000

$frequency_scale_factor
  1.000000

$dipole_derivatives
9
   -1.9753894334E-01   -1.7294449235E-05    1.3604164285E-05
   -2.2247130525E-06    3.3786276905E-01   -2.3969940480E-06
    1.1196817107E-03   -2.6253964253E-06    3.4488586208E-01
    9.9722289897E-02   -8.3026020225E-06    4.0460784914E-06
   -2.1533158539E-05   -1.7008270740E-01    3.3057804118E-06
   -1.4035073364E-06    2.9766716149E-06   -1.7009571097E-01
    9.9701191658E-02   -3.1209364812E-05   -3.3930009811E-05
   -2.0472320451E-05   -1.6987358988E-01   -5.2437216910E-06
   -1.2703918799E-03    5.7528192528E-06   -1.7133546779E-01

#
# The IR spectrum
#  wavenumber eps Int TX TY TZ
#
$ir_spectrum
9
      0.00   0.00000000   0.00000000     0.000000     0.000000     0.000000
      0.00   0.00000000   0.00000000     0.000000     0.000000     0.000000
      0.00   0.00000000   0.00000000     0.000000     0.000000     0.000000
      0.00   0.00000000   0.00000000     0.000000     0.000000     0.000000
      0.00   0.00000000   0.00000000     0.000000     0.000000     0.000000
  -1021.09   0.00000000   0.00000000     0.000000     0.000000     0.000000
   -358.88   0.00000000   0.00000000     0.000000     0.000000     0.000000
    376.06   0.00253018  12.78649880    -0.000003     0.045801    -0.001360
    376.50   0.00261310  13.20553722    -0.000151    -0.001337    -0.046520


$end

