
$orca_hessian_file

$act_atom
  0

$act_coord
  0

$act_energy
     -188.588208

$multiplicity
  1

$hessian
9
                    0                  1                  2                  3                  4        
    0      1.9115776375E+00  -2.0085842935E-05   6.7944447907E-05  -9.5581874308E-01   2.2501106914E-05
    1     -2.0085842935E-05   1.4878918746E-01   6.2507858608E-06   3.6557492449E-05  -7.4429315727E-02
    2      6.7944447907E-05   6.2507858608E-06   1.4884890041E-01   3.8230850122E-05  -1.3979794029E-05
    3     -9.5581874308E-01   3.6557492449E-05   3.8230850122E-05   1.0315508826E+00  -1.8025147320E-05
    4      2.2501106914E-05  -7.4429315727E-02  -1.3979794029E-05  -1.8025147320E-05   3.6952145482E-02
    5      2.6467993764E-05  -1.0307777355E-06  -7.4421511982E-02  -4.6924911989E-05   1.9834137693E-05
    6     -9.5575889439E-01  -3.2893711130E-05  -1.4820148508E-04  -7.5732139528E-02   3.3992608343E-05
    7      1.4006797637E-05  -7.4359871735E-02   1.7507763928E-05  -5.7000913066E-05   3.7477170245E-02
    8     -5.2386254619E-05  -1.4998763885E-05  -7.4427388424E-02   9.4272894079E-06  -1.1044695779E-05
                    5                  6                  7                  8        
     0      2.6467993764E-05  -9.5575889439E-01   1.4006797637E-05  -5.2386254619E-05
     1     -1.0307777355E-06  -3.2893711130E-05  -7.4359871735E-02  -1.4998763885E-05
     2     -7.4421511982E-02  -1.4820148508E-04   1.7507763928E-05  -7.4427388424E-02
     3     -4.6924911989E-05  -7.5732139528E-02  -5.7000913066E-05   9.4272894079E-06
     4      1.9834137693E-05   3.3992608343E-05   3.7477170245E-02  -1.1044695779E-05
     5      3.6913241925E-02   1.9723690685E-05  -1.3613007842E-05   3.7508270057E-02
     6      1.9723690685E-05   1.0314910339E+00   2.0947609108E-05   8.5718379803E-05
     7     -1.3613007842E-05   2.0947609108E-05   3.6882701490E-02   1.1074351789E-05
     8      3.7508270057E-02   8.5718379803E-05   1.1074351789E-05   3.6919118367E-02

$vibrational_frequencies
9
    0        0.0000000000000000
    1        0.0000000000000000
    2        0.0000000000000000
    3        0.0000000000000000
    4        0.0000000000000000
    5      670.9665433304217004
    6      671.1040437731377324
    7     1352.3011571510555768
    8     2404.9834920900016186

$normal_modes
9 9
                    0                  1                  2                  3                  4        
    0      0.0000000000E+00   0.0000000000E+00   0.0000000000E+00   0.0000000000E+00   0.0000000000E+00
    1      0.0000000000E+00   0.0000000000E+00   0.0000000000E+00   0.0000000000E+00   0.0000000000E+00
    2      0.0000000000E+00   0.0000000000E+00   0.0000000000E+00   0.0000000000E+00   0.0000000000E+00
    3      0.0000000000E+00   0.0000000000E+00   0.0000000000E+00   0.0000000000E+00   0.0000000000E+00
    4      0.0000000000E+00   0.0000000000E+00   0.0000000000E+00   0.0000000000E+00   0.0000000000E+00
    5      0.0000000000E+00   0.0000000000E+00   0.0000000000E+00   0.0000000000E+00   0.0000000000E+00
    6      0.0000000000E+00   0.0000000000E+00   0.0000000000E+00   0.0000000000E+00   0.0000000000E+00
    7      0.0000000000E+00   0.0000000000E+00   0.0000000000E+00   0.0000000000E+00   0.0000000000E+00
    8      0.0000000000E+00   0.0000000000E+00   0.0000000000E+00   0.0000000000E+00   0.0000000000E+00
                    5                  6                  7                  8        
     0     -1.3512812568E-05  -3.2832281669E-05  -2.3529914531E-05  -8.8326227575E-01
     1     -8.7857339781E-01   9.0890193808E-02  -9.7011898586E-05   1.0064625471E-05
     2      9.0890208985E-02   8.7857338535E-01  -1.9701684462E-04  -3.4044266906E-05
     3      5.4227473610E-05  -1.2049097440E-04  -7.0709792672E-01   3.3156287473E-01
     4      3.2978720397E-01  -3.4117152828E-02   3.6415037104E-05  -3.7750678958E-06
     5     -3.4117158526E-02  -3.2978719929E-01   7.3953563845E-05   1.2760165467E-05
     6     -4.4082940092E-05   1.4513929836E-04   7.0711559144E-01   3.3153251836E-01
     7      3.2978808706E-01  -3.4117244186E-02   3.6415134402E-05  -3.7807928786E-06
     8     -3.4117249883E-02  -3.2978808238E-01   7.3953762910E-05   1.2798037533E-05

#
# The atoms: label  mass x y z (in bohrs)
#
$atoms
3
 C     12.01100     -0.000002133989    -0.000000013737     0.000000090950
 O     15.99900      2.192150438709     0.000000005156    -0.000000034140
 O     15.99900     -2.192148836650     0.000000005156    -0.000000034140

$actual_temperature
  0.000000

$frequency_scale_factor
  1.000000

$dipole_derivatives
9
    2.4592121599E+00   -3.6355504625E-07   -3.6958005580E-07
   -4.5958318306E-05    5.2935726028E-01   -1.9608954743E-07
    5.0120356825E-05    1.6776115304E-05    5.2937225687E-01
   -1.2321772698E+00   -5.0126386486E-06    3.0754408340E-06
   -7.9755499918E-05   -2.7408588634E-01    6.8522535572E-07
    6.4644115119E-05   -1.3241877913E-05   -2.7410135329E-01
   -1.2321882352E+00    4.2576498987E-06   -6.2352096939E-07
   -3.5548693118E-06   -2.7400856798E-01    8.3274908769E-07
   -8.6336438639E-06   -2.5086054277E-06   -2.7399460514E-01

#
# The IR spectrum
#  wavenumber eps Int TX TY TZ
#
$ir_spectrum
9
      0.00   0.00000000   0.00000000     0.000000     0.000000     0.000000
      0.00   0.00000000   0.00000000     0.000000     0.000000     0.000000
      0.00   0.00000000   0.00000000     0.000000     0.000000     0.000000
      0.00   0.00000000   0.00000000     0.000000     0.000000     0.000000
      0.00   0.00000000   0.00000000     0.000000     0.000000     0.000000
    670.97   0.00631011  31.88868711    -0.000003    -0.053886     0.005575
    671.10   0.00631044  31.89039722    -0.000007     0.005576     0.053882
   1352.30   0.00000000   0.00000205    -0.000005    -0.000003    -0.000008
   2404.98   0.13374555 675.89517759    -0.131736     0.000000    -0.000001

#
# The IR spectrum
#  wavenumber eps Int TX TY TZ
#
$ir_spectrum
9
      0.00   0.00000000   0.00000000     0.000000     0.000000     0.000000
      0.00   0.00000000   0.00000000     0.000000     0.000000     0.000000
      0.00   0.00000000   0.00000000     0.000000     0.000000     0.000000
      0.00   0.00000000   0.00000000     0.000000     0.000000     0.000000
      0.00   0.00000000   0.00000000     0.000000     0.000000     0.000000
    670.97   0.00631011  31.88868711    -0.000003    -0.053886     0.005575
    671.10   0.00631044  31.89039722    -0.000007     0.005576     0.053882
   1352.30   0.00000000   0.00000205    -0.000005    -0.000003    -0.000008
   2404.98   0.13374555 675.89517759    -0.131736     0.000000    -0.000001


$end

